30
25 5 4 3 16 11 18 26 29 7 9 24 12 2 15 21 17 28 22 23 27 20 19 1 14 10 30 6 8 13
5 25 4 3 16 11 18 26 29 7 9 24 12 2 15 21 17 28 22 23 27 20 19 1 14 10 30 6 8 13
5 4 25 3 16 11 18 26 29 7 9 24 12 2 15 21 17 28 22 23 27 20 19 1 14 10 30 6 8 13
5 4 3 25 16 11 18 26 29 7 9 24 12 2 15 21 17 28 22 23 27 20 19 1 14 10 30 6 8 13
5 4 3 16 25 11 18 26 29 7 9 24 12 2 15 21 17 28 22 23 27 20 19 1 14 10 30 6 8 13
5 4 3 16 11 25 18 26 29 7 9 24 12 2 15 21 17 28 22 23 27 20 19 1 14 10 30 6 8 13
5 4 3 16 11 18 25 26 29 7 9 24 12 2 15 21 17 28 22 23 27 20 19 1 14 10 30 6 8 13
5 4 3 16 11 18 25 26 7 29 9 24 12 2 15 21 17 28 22 23 27 20 19 1 14 10 30 6 8 13
5 4 3 16 11 18 25 26 7 9 29 24 12 2 15 21 17 28 22 23 27 20 19 1 14 10 30 6 8 13
5 4 3 16 11 18 25 26 7 9 24 29 12 2 15 21 17 28 22 23 27 20 19 1 14 10 30 6 8 13
5 4 3 16 11 18 25 26 7 9 24 12 29 2 15 21 17 28 22 23 27 20 19 1 14 10 30 6 8 13
5 4 3 16 11 18 25 26 7 9 24 12 2 29 15 21 17 28 22 23 27 20 19 1 14 10 30 6 8 13
5 4 3 16 11 18 25 26 7 9 24 12 2 15 29 21 17 28 22 23 27 20 19 1 14 10 30 6 8 13
5 4 3 16 11 18 25 26 7 9 24 12 2 15 21 29 17 28 22 23 27 20 19 1 14 10 30 6 8 13
5 4 3 16 11 18 25 26 7 9 24 12 2 15 21 17 29 28 22 23 27 20 19 1 14 10 30 6 8 13
5 4 3 16 11 18 25 26 7 9 24 12 2 15 21 17 28 29 22 23 27 20 19 1 14 10 30 6 8 13
5 4 3 16 11 18 25 26 7 9 24 12 2 15 21 17 28 22 29 23 27 20 19 1 14 10 30 6 8 13
5 4 3 16 11 18 25 26 7 9 24 12 2 15 21 17 28 22 23 29 27 20 19 1 14 10 30 6 8 13
5 4 3 16 11 18 25 26 7 9 24 12 2 15 21 17 28 22 23 27 29 20 19 1 14 10 30 6 8 13
5 4 3 16 11 18 25 26 7 9 24 12 2 15 21 17 28 22 23 27 20 29 19 1 14 10 30 6 8 13
5 4 3 16 11 18 25 26 7 9 24 12 2 15 21 17 28 22 23 27 20 19 29 1 14 10 30 6 8 13
5 4 3 16 11 18 25 26 7 9 24 12 2 15 21 17 28 22 23 27 20 19 1 29 14 10 30 6 8 13
5 4 3 16 11 18 25 26 7 9 24 12 2 15 21 17 28 22 23 27 20 19 1 14 29 10 30 6 8 13
5 4 3 16 11 18 25 26 7 9 24 12 2 15 21 17 28 22 23 27 20 19 1 14 10 29 30 6 8 13
5 4 3 16 11 18 25 26 7 9 24 12 2 15 21 17 28 22 23 27 20 19 1 14 10 29 6 30 8 13
5 4 3 16 11 18 25 26 7 9 24 12 2 15 21 17 28 22 23 27 20 19 1 14 10 29 6 8 30 13
5 4 3 16 11 18 25 26 7 9 24 12 2 15 21 17 28 22 23 27 20 19 1 14 10 29 6 8 13 30
4 5 3 16 11 18 25 26 7 9 24 12 2 15 21 17 28 22 23 27 20 19 1 14 10 29 6 8 13 30
4 3 5 16 11 18 25 26 7 9 24 12 2 15 21 17 28 22 23 27 20 19 1 14 10 29 6 8 13 30
4 3 5 11 16 18 25 26 7 9 24 12 2 15 21 17 28 22 23 27 20 19 1 14 10 29 6 8 13 30
4 3 5 11 16 18 25 7 26 9 24 12 2 15 21 17 28 22 23 27 20 19 1 14 10 29 6 8 13 30
4 3 5 11 16 18 25 7 9 26 24 12 2 15 21 17 28 22 23 27 20 19 1 14 10 29 6 8 13 30
4 3 5 11 16 18 25 7 9 24 26 12 2 15 21 17 28 22 23 27 20 19 1 14 10 29 6 8 13 30
4 3 5 11 16 18 25 7 9 24 12 26 2 15 21 17 28 22 23 27 20 19 1 14 10 29 6 8 13 30
4 3 5 11 16 18 25 7 9 24 12 2 26 15 21 17 28 22 23 27 20 19 1 14 10 29 6 8 13 30
4 3 5 11 16 18 25 7 9 24 12 2 15 26 21 17 28 22 23 27 20 19 1 14 10 29 6 8 13 30
4 3 5 11 16 18 25 7 9 24 12 2 15 21 26 17 28 22 23 27 20 19 1 14 10 29 6 8 13 30
4 3 5 11 16 18 25 7 9 24 12 2 15 21 17 26 28 22 23 27 20 19 1 14 10 29 6 8 13 30
4 3 5 11 16 18 25 7 9 24 12 2 15 21 17 26 22 28 23 27 20 19 1 14 10 29 6 8 13 30
4 3 5 11 16 18 25 7 9 24 12 2 15 21 17 26 22 23 28 27 20 19 1 14 10 29 6 8 13 30
4 3 5 11 16 18 25 7 9 24 12 2 15 21 17 26 22 23 27 28 20 19 1 14 10 29 6 8 13 30
4 3 5 11 16 18 25 7 9 24 12 2 15 21 17 26 22 23 27 20 28 19 1 14 10 29 6 8 13 30
4 3 5 11 16 18 25 7 9 24 12 2 15 21 17 26 22 23 27 20 19 28 1 14 10 29 6 8 13 30
4 3 5 11 16 18 25 7 9 24 12 2 15 21 17 26 22 23 27 20 19 1 28 14 10 29 6 8 13 30
4 3 5 11 16 18 25 7 9 24 12 2 15 21 17 26 22 23 27 20 19 1 14 28 10 29 6 8 13 30
4 3 5 11 16 18 25 7 9 24 12 2 15 21 17 26 22 23 27 20 19 1 14 10 28 29 6 8 13 30
4 3 5 11 16 18 25 7 9 24 12 2 15 21 17 26 22 23 27 20 19 1 14 10 28 6 29 8 13 30
4 3 5 11 16 18 25 7 9 24 12 2 15 21 17 26 22 23 27 20 19 1 14 10 28 6 8 29 13 30
4 3 5 11 16 18 25 7 9 24 12 2 15 21 17 26 22 23 27 20 19 1 14 10 28 6 8 13 29 30
3 4 5 11 16 18 25 7 9 24 12 2 15 21 17 26 22 23 27 20 19 1 14 10 28 6 8 13 29 30
3 4 5 11 16 18 7 25 9 24 12 2 15 21 17 26 22 23 27 20 19 1 14 10 28 6 8 13 29 30
3 4 5 11 16 18 7 9 25 24 12 2 15 21 17 26 22 23 27 20 19 1 14 10 28 6 8 13 29 30
3 4 5 11 16 18 7 9 24 25 12 2 15 21 17 26 22 23 27 20 19 1 14 10 28 6 8 13 29 30
3 4 5 11 16 18 7 9 24 12 25 2 15 21 17 26 22 23 27 20 19 1 14 10 28 6 8 13 29 30
3 4 5 11 16 18 7 9 24 12 2 25 15 21 17 26 22 23 27 20 19 1 14 10 28 6 8 13 29 30
3 4 5 11 16 18 7 9 24 12 2 15 25 21 17 26 22 23 27 20 19 1 14 10 28 6 8 13 29 30
3 4 5 11 16 18 7 9 24 12 2 15 21 25 17 26 22 23 27 20 19 1 14 10 28 6 8 13 29 30
3 4 5 11 16 18 7 9 24 12 2 15 21 17 25 26 22 23 27 20 19 1 14 10 28 6 8 13 29 30
3 4 5 11 16 18 7 9 24 12 2 15 21 17 25 22 26 23 27 20 19 1 14 10 28 6 8 13 29 30
3 4 5 11 16 18 7 9 24 12 2 15 21 17 25 22 23 26 27 20 19 1 14 10 28 6 8 13 29 30
3 4 5 11 16 18 7 9 24 12 2 15 21 17 25 22 23 26 20 27 19 1 14 10 28 6 8 13 29 30
3 4 5 11 16 18 7 9 24 12 2 15 21 17 25 22 23 26 20 19 27 1 14 10 28 6 8 13 29 30
3 4 5 11 16 18 7 9 24 12 2 15 21 17 25 22 23 26 20 19 1 27 14 10 28 6 8 13 29 30
3 4 5 11 16 18 7 9 24 12 2 15 21 17 25 22 23 26 20 19 1 14 27 10 28 6 8 13 29 30
3 4 5 11 16 18 7 9 24 12 2 15 21 17 25 22 23 26 20 19 1 14 10 27 28 6 8 13 29 30
3 4 5 11 16 18 7 9 24 12 2 15 21 17 25 22 23 26 20 19 1 14 10 27 6 28 8 13 29 30
3 4 5 11 16 18 7 9 24 12 2 15 21 17 25 22 23 26 20 19 1 14 10 27 6 8 28 13 29 30
3 4 5 11 16 18 7 9 24 12 2 15 21 17 25 22 23 26 20 19 1 14 10 27 6 8 13 28 29 30
3 4 5 11 16 7 18 9 24 12 2 15 21 17 25 22 23 26 20 19 1 14 10 27 6 8 13 28 29 30
3 4 5 11 16 7 9 18 24 12 2 15 21 17 25 22 23 26 20 19 1 14 10 27 6 8 13 28 29 30
3 4 5 11 16 7 9 18 12 24 2 15 21 17 25 22 23 26 20 19 1 14 10 27 6 8 13 28 29 30
3 4 5 11 16 7 9 18 12 2 24 15 21 17 25 22 23 26 20 19 1 14 10 27 6 8 13 28 29 30
3 4 5 11 16 7 9 18 12 2 15 24 21 17 25 22 23 26 20 19 1 14 10 27 6 8 13 28 29 30
3 4 5 11 16 7 9 18 12 2 15 21 24 17 25 22 23 26 20 19 1 14 10 27 6 8 13 28 29 30
3 4 5 11 16 7 9 18 12 2 15 21 17 24 25 22 23 26 20 19 1 14 10 27 6 8 13 28 29 30
3 4 5 11 16 7 9 18 12 2 15 21 17 24 22 25 23 26 20 19 1 14 10 27 6 8 13 28 29 30
3 4 5 11 16 7 9 18 12 2 15 21 17 24 22 23 25 26 20 19 1 14 10 27 6 8 13 28 29 30
3 4 5 11 16 7 9 18 12 2 15 21 17 24 22 23 25 20 26 19 1 14 10 27 6 8 13 28 29 30
3 4 5 11 16 7 9 18 12 2 15 21 17 24 22 23 25 20 19 26 1 14 10 27 6 8 13 28 29 30
3 4 5 11 16 7 9 18 12 2 15 21 17 24 22 23 25 20 19 1 26 14 10 27 6 8 13 28 29 30
3 4 5 11 16 7 9 18 12 2 15 21 17 24 22 23 25 20 19 1 14 26 10 27 6 8 13 28 29 30
3 4 5 11 16 7 9 18 12 2 15 21 17 24 22 23 25 20 19 1 14 10 26 27 6 8 13 28 29 30
3 4 5 11 16 7 9 18 12 2 15 21 17 24 22 23 25 20 19 1 14 10 26 6 27 8 13 28 29 30
3 4 5 11 16 7 9 18 12 2 15 21 17 24 22 23 25 20 19 1 14 10 26 6 8 27 13 28 29 30
3 4 5 11 16 7 9 18 12 2 15 21 17 24 22 23 25 20 19 1 14 10 26 6 8 13 27 28 29 30
3 4 5 11 7 16 9 18 12 2 15 21 17 24 22 23 25 20 19 1 14 10 26 6 8 13 27 28 29 30
3 4 5 11 7 9 16 18 12 2 15 21 17 24 22 23 25 20 19 1 14 10 26 6 8 13 27 28 29 30
3 4 5 11 7 9 16 12 18 2 15 21 17 24 22 23 25 20 19 1 14 10 26 6 8 13 27 28 29 30
3 4 5 11 7 9 16 12 2 18 15 21 17 24 22 23 25 20 19 1 14 10 26 6 8 13 27 28 29 30
3 4 5 11 7 9 16 12 2 15 18 21 17 24 22 23 25 20 19 1 14 10 26 6 8 13 27 28 29 30
3 4 5 11 7 9 16 12 2 15 18 17 21 24 22 23 25 20 19 1 14 10 26 6 8 13 27 28 29 30
3 4 5 11 7 9 16 12 2 15 18 17 21 22 24 23 25 20 19 1 14 10 26 6 8 13 27 28 29 30
3 4 5 11 7 9 16 12 2 15 18 17 21 22 23 24 25 20 19 1 14 10 26 6 8 13 27 28 29 30
3 4 5 11 7 9 16 12 2 15 18 17 21 22 23 24 20 25 19 1 14 10 26 6 8 13 27 28 29 30
3 4 5 11 7 9 16 12 2 15 18 17 21 22 23 24 20 19 25 1 14 10 26 6 8 13 27 28 29 30
3 4 5 11 7 9 16 12 2 15 18 17 21 22 23 24 20 19 1 25 14 10 26 6 8 13 27 28 29 30
3 4 5 11 7 9 16 12 2 15 18 17 21 22 23 24 20 19 1 14 25 10 26 6 8 13 27 28 29 30
3 4 5 11 7 9 16 12 2 15 18 17 21 22 23 24 20 19 1 14 10 25 26 6 8 13 27 28 29 30
3 4 5 11 7 9 16 12 2 15 18 17 21 22 23 24 20 19 1 14 10 25 6 26 8 13 27 28 29 30
3 4 5 11 7 9 16 12 2 15 18 17 21 22 23 24 20 19 1 14 10 25 6 8 26 13 27 28 29 30
3 4 5 11 7 9 16 12 2 15 18 17 21 22 23 24 20 19 1 14 10 25 6 8 13 26 27 28 29 30
3 4 5 7 11 9 16 12 2 15 18 17 21 22 23 24 20 19 1 14 10 25 6 8 13 26 27 28 29 30
3 4 5 7 9 11 16 12 2 15 18 17 21 22 23 24 20 19 1 14 10 25 6 8 13 26 27 28 29 30
3 4 5 7 9 11 12 16 2 15 18 17 21 22 23 24 20 19 1 14 10 25 6 8 13 26 27 28 29 30
3 4 5 7 9 11 12 2 16 15 18 17 21 22 23 24 20 19 1 14 10 25 6 8 13 26 27 28 29 30
3 4 5 7 9 11 12 2 15 16 18 17 21 22 23 24 20 19 1 14 10 25 6 8 13 26 27 28 29 30
3 4 5 7 9 11 12 2 15 16 17 18 21 22 23 24 20 19 1 14 10 25 6 8 13 26 27 28 29 30
3 4 5 7 9 11 12 2 15 16 17 18 21 22 23 20 24 19 1 14 10 25 6 8 13 26 27 28 29 30
3 4 5 7 9 11 12 2 15 16 17 18 21 22 23 20 19 24 1 14 10 25 6 8 13 26 27 28 29 30
3 4 5 7 9 11 12 2 15 16 17 18 21 22 23 20 19 1 24 14 10 25 6 8 13 26 27 28 29 30
3 4 5 7 9 11 12 2 15 16 17 18 21 22 23 20 19 1 14 24 10 25 6 8 13 26 27 28 29 30
3 4 5 7 9 11 12 2 15 16 17 18 21 22 23 20 19 1 14 10 24 25 6 8 13 26 27 28 29 30
3 4 5 7 9 11 12 2 15 16 17 18 21 22 23 20 19 1 14 10 24 6 25 8 13 26 27 28 29 30
3 4 5 7 9 11 12 2 15 16 17 18 21 22 23 20 19 1 14 10 24 6 8 25 13 26 27 28 29 30
3 4 5 7 9 11 12 2 15 16 17 18 21 22 23 20 19 1 14 10 24 6 8 13 25 26 27 28 29 30
3 4 5 7 9 11 2 12 15 16 17 18 21 22 23 20 19 1 14 10 24 6 8 13 25 26 27 28 29 30
3 4 5 7 9 11 2 12 15 16 17 18 21 22 20 23 19 1 14 10 24 6 8 13 25 26 27 28 29 30
3 4 5 7 9 11 2 12 15 16 17 18 21 22 20 19 23 1 14 10 24 6 8 13 25 26 27 28 29 30
3 4 5 7 9 11 2 12 15 16 17 18 21 22 20 19 1 23 14 10 24 6 8 13 25 26 27 28 29 30
3 4 5 7 9 11 2 12 15 16 17 18 21 22 20 19 1 14 23 10 24 6 8 13 25 26 27 28 29 30
3 4 5 7 9 11 2 12 15 16 17 18 21 22 20 19 1 14 10 23 24 6 8 13 25 26 27 28 29 30
3 4 5 7 9 11 2 12 15 16 17 18 21 22 20 19 1 14 10 23 6 24 8 13 25 26 27 28 29 30
3 4 5 7 9 11 2 12 15 16 17 18 21 22 20 19 1 14 10 23 6 8 24 13 25 26 27 28 29 30
3 4 5 7 9 11 2 12 15 16 17 18 21 22 20 19 1 14 10 23 6 8 13 24 25 26 27 28 29 30
3 4 5 7 9 2 11 12 15 16 17 18 21 22 20 19 1 14 10 23 6 8 13 24 25 26 27 28 29 30
3 4 5 7 9 2 11 12 15 16 17 18 21 20 22 19 1 14 10 23 6 8 13 24 25 26 27 28 29 30
3 4 5 7 9 2 11 12 15 16 17 18 21 20 19 22 1 14 10 23 6 8 13 24 25 26 27 28 29 30
3 4 5 7 9 2 11 12 15 16 17 18 21 20 19 1 22 14 10 23 6 8 13 24 25 26 27 28 29 30
3 4 5 7 9 2 11 12 15 16 17 18 21 20 19 1 14 22 10 23 6 8 13 24 25 26 27 28 29 30
3 4 5 7 9 2 11 12 15 16 17 18 21 20 19 1 14 10 22 23 6 8 13 24 25 26 27 28 29 30
3 4 5 7 9 2 11 12 15 16 17 18 21 20 19 1 14 10 22 6 23 8 13 24 25 26 27 28 29 30
3 4 5 7 9 2 11 12 15 16 17 18 21 20 19 1 14 10 22 6 8 23 13 24 25 26 27 28 29 30
3 4 5 7 9 2 11 12 15 16 17 18 21 20 19 1 14 10 22 6 8 13 23 24 25 26 27 28 29 30
3 4 5 7 2 9 11 12 15 16 17 18 21 20 19 1 14 10 22 6 8 13 23 24 25 26 27 28 29 30
3 4 5 7 2 9 11 12 15 16 17 18 20 21 19 1 14 10 22 6 8 13 23 24 25 26 27 28 29 30
3 4 5 7 2 9 11 12 15 16 17 18 20 19 21 1 14 10 22 6 8 13 23 24 25 26 27 28 29 30
3 4 5 7 2 9 11 12 15 16 17 18 20 19 1 21 14 10 22 6 8 13 23 24 25 26 27 28 29 30
3 4 5 7 2 9 11 12 15 16 17 18 20 19 1 14 21 10 22 6 8 13 23 24 25 26 27 28 29 30
3 4 5 7 2 9 11 12 15 16 17 18 20 19 1 14 10 21 22 6 8 13 23 24 25 26 27 28 29 30
3 4 5 7 2 9 11 12 15 16 17 18 20 19 1 14 10 21 6 22 8 13 23 24 25 26 27 28 29 30
3 4 5 7 2 9 11 12 15 16 17 18 20 19 1 14 10 21 6 8 22 13 23 24 25 26 27 28 29 30
3 4 5 7 2 9 11 12 15 16 17 18 20 19 1 14 10 21 6 8 13 22 23 24 25 26 27 28 29 30
3 4 5 2 7 9 11 12 15 16 17 18 20 19 1 14 10 21 6 8 13 22 23 24 25 26 27 28 29 30
3 4 5 2 7 9 11 12 15 16 17 18 19 20 1 14 10 21 6 8 13 22 23 24 25 26 27 28 29 30
3 4 5 2 7 9 11 12 15 16 17 18 19 1 20 14 10 21 6 8 13 22 23 24 25 26 27 28 29 30
3 4 5 2 7 9 11 12 15 16 17 18 19 1 14 20 10 21 6 8 13 22 23 24 25 26 27 28 29 30
3 4 5 2 7 9 11 12 15 16 17 18 19 1 14 10 20 21 6 8 13 22 23 24 25 26 27 28 29 30
3 4 5 2 7 9 11 12 15 16 17 18 19 1 14 10 20 6 21 8 13 22 23 24 25 26 27 28 29 30
3 4 5 2 7 9 11 12 15 16 17 18 19 1 14 10 20 6 8 21 13 22 23 24 25 26 27 28 29 30
3 4 5 2 7 9 11 12 15 16 17 18 19 1 14 10 20 6 8 13 21 22 23 24 25 26 27 28 29 30
3 4 2 5 7 9 11 12 15 16 17 18 19 1 14 10 20 6 8 13 21 22 23 24 25 26 27 28 29 30
3 4 2 5 7 9 11 12 15 16 17 18 1 19 14 10 20 6 8 13 21 22 23 24 25 26 27 28 29 30
3 4 2 5 7 9 11 12 15 16 17 18 1 14 19 10 20 6 8 13 21 22 23 24 25 26 27 28 29 30
3 4 2 5 7 9 11 12 15 16 17 18 1 14 10 19 20 6 8 13 21 22 23 24 25 26 27 28 29 30
3 4 2 5 7 9 11 12 15 16 17 18 1 14 10 19 6 20 8 13 21 22 23 24 25 26 27 28 29 30
3 4 2 5 7 9 11 12 15 16 17 18 1 14 10 19 6 8 20 13 21 22 23 24 25 26 27 28 29 30
3 4 2 5 7 9 11 12 15 16 17 18 1 14 10 19 6 8 13 20 21 22 23 24 25 26 27 28 29 30
3 2 4 5 7 9 11 12 15 16 17 18 1 14 10 19 6 8 13 20 21 22 23 24 25 26 27 28 29 30
3 2 4 5 7 9 11 12 15 16 17 1 18 14 10 19 6 8 13 20 21 22 23 24 25 26 27 28 29 30
3 2 4 5 7 9 11 12 15 16 17 1 14 18 10 19 6 8 13 20 21 22 23 24 25 26 27 28 29 30
3 2 4 5 7 9 11 12 15 16 17 1 14 10 18 19 6 8 13 20 21 22 23 24 25 26 27 28 29 30
3 2 4 5 7 9 11 12 15 16 17 1 14 10 18 6 19 8 13 20 21 22 23 24 25 26 27 28 29 30
3 2 4 5 7 9 11 12 15 16 17 1 14 10 18 6 8 19 13 20 21 22 23 24 25 26 27 28 29 30
3 2 4 5 7 9 11 12 15 16 17 1 14 10 18 6 8 13 19 20 21 22 23 24 25 26 27 28 29 30
2 3 4 5 7 9 11 12 15 16 17 1 14 10 18 6 8 13 19 20 21 22 23 24 25 26 27 28 29 30
2 3 4 5 7 9 11 12 15 16 1 17 14 10 18 6 8 13 19 20 21 22 23 24 25 26 27 28 29 30
2 3 4 5 7 9 11 12 15 16 1 14 17 10 18 6 8 13 19 20 21 22 23 24 25 26 27 28 29 30
2 3 4 5 7 9 11 12 15 16 1 14 10 17 18 6 8 13 19 20 21 22 23 24 25 26 27 28 29 30
2 3 4 5 7 9 11 12 15 16 1 14 10 17 6 18 8 13 19 20 21 22 23 24 25 26 27 28 29 30
2 3 4 5 7 9 11 12 15 16 1 14 10 17 6 8 18 13 19 20 21 22 23 24 25 26 27 28 29 30
2 3 4 5 7 9 11 12 15 16 1 14 10 17 6 8 13 18 19 20 21 22 23 24 25 26 27 28 29 30
2 3 4 5 7 9 11 12 15 1 16 14 10 17 6 8 13 18 19 20 21 22 23 24 25 26 27 28 29 30
2 3 4 5 7 9 11 12 15 1 14 16 10 17 6 8 13 18 19 20 21 22 23 24 25 26 27 28 29 30
2 3 4 5 7 9 11 12 15 1 14 10 16 17 6 8 13 18 19 20 21 22 23 24 25 26 27 28 29 30
2 3 4 5 7 9 11 12 15 1 14 10 16 6 17 8 13 18 19 20 21 22 23 24 25 26 27 28 29 30
2 3 4 5 7 9 11 12 15 1 14 10 16 6 8 17 13 18 19 20 21 22 23 24 25 26 27 28 29 30
2 3 4 5 7 9 11 12 15 1 14 10 16 6 8 13 17 18 19 20 21 22 23 24 25 26 27 28 29 30
2 3 4 5 7 9 11 12 1 15 14 10 16 6 8 13 17 18 19 20 21 22 23 24 25 26 27 28 29 30
2 3 4 5 7 9 11 12 1 14 15 10 16 6 8 13 17 18 19 20 21 22 23 24 25 26 27 28 29 30
2 3 4 5 7 9 11 12 1 14 10 15 16 6 8 13 17 18 19 20 21 22 23 24 25 26 27 28 29 30
2 3 4 5 7 9 11 12 1 14 10 15 6 16 8 13 17 18 19 20 21 22 23 24 25 26 27 28 29 30
2 3 4 5 7 9 11 12 1 14 10 15 6 8 16 13 17 18 19 20 21 22 23 24 25 26 27 28 29 30
2 3 4 5 7 9 11 12 1 14 10 15 6 8 13 16 17 18 19 20 21 22 23 24 25 26 27 28 29 30
2 3 4 5 7 9 11 1 12 14 10 15 6 8 13 16 17 18 19 20 21 22 23 24 25 26 27 28 29 30
2 3 4 5 7 9 11 1 12 10 14 15 6 8 13 16 17 18 19 20 21 22 23 24 25 26 27 28 29 30
2 3 4 5 7 9 11 1 12 10 14 6 15 8 13 16 17 18 19 20 21 22 23 24 25 26 27 28 29 30
2 3 4 5 7 9 11 1 12 10 14 6 8 15 13 16 17 18 19 20 21 22 23 24 25 26 27 28 29 30
2 3 4 5 7 9 11 1 12 10 14 6 8 13 15 16 17 18 19 20 21 22 23 24 25 26 27 28 29 30
2 3 4 5 7 9 1 11 12 10 14 6 8 13 15 16 17 18 19 20 21 22 23 24 25 26 27 28 29 30
2 3 4 5 7 9 1 11 10 12 14 6 8 13 15 16 17 18 19 20 21 22 23 24 25 26 27 28 29 30
2 3 4 5 7 9 1 11 10 12 6 14 8 13 15 16 17 18 19 20 21 22 23 24 25 26 27 28 29 30
2 3 4 5 7 9 1 11 10 12 6 8 14 13 15 16 17 18 19 20 21 22 23 24 25 26 27 28 29 30
2 3 4 5 7 9 1 11 10 12 6 8 13 14 15 16 17 18 19 20 21 22 23 24 25 26 27 28 29 30
2 3 4 5 7 1 9 11 10 12 6 8 13 14 15 16 17 18 19 20 21 22 23 24 25 26 27 28 29 30
2 3 4 5 7 1 9 10 11 12 6 8 13 14 15 16 17 18 19 20 21 22 23 24 25 26 27 28 29 30
2 3 4 5 7 1 9 10 11 6 12 8 13 14 15 16 17 18 19 20 21 22 23 24 25 26 27 28 29 30
2 3 4 5 7 1 9 10 11 6 8 12 13 14 15 16 17 18 19 20 21 22 23 24 25 26 27 28 29 30
2 3 4 5 1 7 9 10 11 6 8 12 13 14 15 16 17 18 19 20 21 22 23 24 25 26 27 28 29 30
2 3 4 5 1 7 9 10 6 11 8 12 13 14 15 16 17 18 19 20 21 22 23 24 25 26 27 28 29 30
2 3 4 5 1 7 9 10 6 8 11 12 13 14 15 16 17 18 19 20 21 22 23 24 25 26 27 28 29 30
2 3 4 1 5 7 9 10 6 8 11 12 13 14 15 16 17 18 19 20 21 22 23 24 25 26 27 28 29 30
2 3 4 1 5 7 9 6 10 8 11 12 13 14 15 16 17 18 19 20 21 22 23 24 25 26 27 28 29 30
2 3 4 1 5 7 9 6 8 10 11 12 13 14 15 16 17 18 19 20 21 22 23 24 25 26 27 28 29 30
2 3 1 4 5 7 9 6 8 10 11 12 13 14 15 16 17 18 19 20 21 22 23 24 25 26 27 28 29 30
2 3 1 4 5 7 6 9 8 10 11 12 13 14 15 16 17 18 19 20 21 22 23 24 25 26 27 28 29 30
2 3 1 4 5 7 6 8 9 10 11 12 13 14 15 16 17 18 19 20 21 22 23 24 25 26 27 28 29 30
2 1 3 4 5 7 6 8 9 10 11 12 13 14 15 16 17 18 19 20 21 22 23 24 25 26 27 28 29 30
2 1 3 4 5 6 7 8 9 10 11 12 13 14 15 16 17 18 19 20 21 22 23 24 25 26 27 28 29 30
1 2 3 4 5 6 7 8 9 10 11 12 13 14 15 16 17 18 19 20 21 22 23 24 25 26 27 28 29 30
