30
18 27 3 28 29 30 24 2 21 10 26 7 12 25 19 17 5 22 14 23 1 16 11 15 8 4 20 9 13 6
18 27 3 28 29 30 24 2 21 10 26 7 20 25 19 17 5 22 14 23 1 16 11 15 8 4 12 9 13 6
18 27 3 28 29 30 24 2 21 10 26 15 20 25 19 17 5 22 14 23 1 16 11 7 8 4 12 9 13 6
18 27 3 28 29 30 24 2 21 23 26 15 20 25 19 17 5 22 14 10 1 16 11 7 8 4 12 9 13 6
18 27 3 28 29 30 24 2 22 23 26 15 20 25 19 17 5 21 14 10 1 16 11 7 8 4 12 9 13 6
18 27 3 28 29 30 24 17 22 23 26 15 20 25 19 2 5 21 14 10 1 16 11 7 8 4 12 9 13 6
18 27 3 28 29 30 25 17 22 23 26 15 20 24 19 2 5 21 14 10 1 16 11 7 8 4 12 9 13 6
18 27 30 28 29 3 25 17 22 23 26 15 20 24 19 2 5 21 14 10 1 16 11 7 8 4 12 9 13 6
18 27 30 28 29 20 25 17 22 23 26 15 3 24 19 2 5 21 14 10 1 16 11 7 8 4 12 9 13 6
18 27 30 28 29 20 25 17 22 23 26 15 12 24 19 2 5 21 14 10 1 16 11 7 8 4 3 9 13 6
18 29 30 28 27 20 25 17 22 23 26 15 12 24 19 2 5 21 14 10 1 16 11 7 8 4 3 9 13 6
30 29 18 28 27 20 25 17 22 23 26 15 12 24 19 2 5 21 14 10 1 16 11 7 8 4 3 9 13 6
30 29 25 28 27 20 18 17 22 23 26 15 12 24 19 2 5 21 14 10 1 16 11 7 8 4 3 9 13 6
30 29 25 28 27 20 24 17 22 23 26 15 12 18 19 2 5 21 14 10 1 16 11 7 8 4 3 9 13 6
6 29 25 28 27 20 24 17 22 23 26 15 12 18 19 2 5 21 14 10 1 16 11 7 8 4 3 9 13 30
29 6 25 28 27 20 24 17 22 23 26 15 12 18 19 2 5 21 14 10 1 16 11 7 8 4 3 9 13 30
29 28 25 6 27 20 24 17 22 23 26 15 12 18 19 2 5 21 14 10 1 16 11 7 8 4 3 9 13 30
29 28 25 22 27 20 24 17 6 23 26 15 12 18 19 2 5 21 14 10 1 16 11 7 8 4 3 9 13 30
29 28 25 22 27 20 24 17 21 23 26 15 12 18 19 2 5 6 14 10 1 16 11 7 8 4 3 9 13 30
13 28 25 22 27 20 24 17 21 23 26 15 12 18 19 2 5 6 14 10 1 16 11 7 8 4 3 9 29 30
28 13 25 22 27 20 24 17 21 23 26 15 12 18 19 2 5 6 14 10 1 16 11 7 8 4 3 9 29 30
28 27 25 22 13 20 24 17 21 23 26 15 12 18 19 2 5 6 14 10 1 16 11 7 8 4 3 9 29 30
28 27 25 22 26 20 24 17 21 23 13 15 12 18 19 2 5 6 14 10 1 16 11 7 8 4 3 9 29 30
28 27 25 22 26 20 24 17 21 23 16 15 12 18 19 2 5 6 14 10 1 13 11 7 8 4 3 9 29 30
9 27 25 22 26 20 24 17 21 23 16 15 12 18 19 2 5 6 14 10 1 13 11 7 8 4 3 28 29 30
27 9 25 22 26 20 24 17 21 23 16 15 12 18 19 2 5 6 14 10 1 13 11 7 8 4 3 28 29 30
27 26 25 22 9 20 24 17 21 23 16 15 12 18 19 2 5 6 14 10 1 13 11 7 8 4 3 28 29 30
27 26 25 22 23 20 24 17 21 9 16 15 12 18 19 2 5 6 14 10 1 13 11 7 8 4 3 28 29 30
27 26 25 22 23 20 24 17 21 10 16 15 12 18 19 2 5 6 14 9 1 13 11 7 8 4 3 28 29 30
3 26 25 22 23 20 24 17 21 10 16 15 12 18 19 2 5 6 14 9 1 13 11 7 8 4 27 28 29 30
26 3 25 22 23 20 24 17 21 10 16 15 12 18 19 2 5 6 14 9 1 13 11 7 8 4 27 28 29 30
26 23 25 22 3 20 24 17 21 10 16 15 12 18 19 2 5 6 14 9 1 13 11 7 8 4 27 28 29 30
26 23 25 22 16 20 24 17 21 10 3 15 12 18 19 2 5 6 14 9 1 13 11 7 8 4 27 28 29 30
26 23 25 22 16 20 24 17 21 10 13 15 12 18 19 2 5 6 14 9 1 3 11 7 8 4 27 28 29 30
4 23 25 22 16 20 24 17 21 10 13 15 12 18 19 2 5 6 14 9 1 3 11 7 8 26 27 28 29 30
25 23 4 22 16 20 24 17 21 10 13 15 12 18 19 2 5 6 14 9 1 3 11 7 8 26 27 28 29 30
25 23 24 22 16 20 4 17 21 10 13 15 12 18 19 2 5 6 14 9 1 3 11 7 8 26 27 28 29 30
25 23 24 22 16 20 19 17 21 10 13 15 12 18 4 2 5 6 14 9 1 3 11 7 8 26 27 28 29 30
8 23 24 22 16 20 19 17 21 10 13 15 12 18 4 2 5 6 14 9 1 3 11 7 25 26 27 28 29 30
24 23 8 22 16 20 19 17 21 10 13 15 12 18 4 2 5 6 14 9 1 3 11 7 25 26 27 28 29 30
24 23 20 22 16 8 19 17 21 10 13 15 12 18 4 2 5 6 14 9 1 3 11 7 25 26 27 28 29 30
24 23 20 22 16 15 19 17 21 10 13 8 12 18 4 2 5 6 14 9 1 3 11 7 25 26 27 28 29 30
7 23 20 22 16 15 19 17 21 10 13 8 12 18 4 2 5 6 14 9 1 3 11 24 25 26 27 28 29 30
23 7 20 22 16 15 19 17 21 10 13 8 12 18 4 2 5 6 14 9 1 3 11 24 25 26 27 28 29 30
23 22 20 7 16 15 19 17 21 10 13 8 12 18 4 2 5 6 14 9 1 3 11 24 25 26 27 28 29 30
23 22 20 21 16 15 19 17 7 10 13 8 12 18 4 2 5 6 14 9 1 3 11 24 25 26 27 28 29 30
23 22 20 21 16 15 19 17 14 10 13 8 12 18 4 2 5 6 7 9 1 3 11 24 25 26 27 28 29 30
11 22 20 21 16 15 19 17 14 10 13 8 12 18 4 2 5 6 7 9 1 3 23 24 25 26 27 28 29 30
22 11 20 21 16 15 19 17 14 10 13 8 12 18 4 2 5 6 7 9 1 3 23 24 25 26 27 28 29 30
22 21 20 11 16 15 19 17 14 10 13 8 12 18 4 2 5 6 7 9 1 3 23 24 25 26 27 28 29 30
22 21 20 17 16 15 19 11 14 10 13 8 12 18 4 2 5 6 7 9 1 3 23 24 25 26 27 28 29 30
3 21 20 17 16 15 19 11 14 10 13 8 12 18 4 2 5 6 7 9 1 22 23 24 25 26 27 28 29 30
21 3 20 17 16 15 19 11 14 10 13 8 12 18 4 2 5 6 7 9 1 22 23 24 25 26 27 28 29 30
21 17 20 3 16 15 19 11 14 10 13 8 12 18 4 2 5 6 7 9 1 22 23 24 25 26 27 28 29 30
21 17 20 14 16 15 19 11 3 10 13 8 12 18 4 2 5 6 7 9 1 22 23 24 25 26 27 28 29 30
21 17 20 14 16 15 19 11 7 10 13 8 12 18 4 2 5 6 3 9 1 22 23 24 25 26 27 28 29 30
1 17 20 14 16 15 19 11 7 10 13 8 12 18 4 2 5 6 3 9 21 22 23 24 25 26 27 28 29 30
20 17 1 14 16 15 19 11 7 10 13 8 12 18 4 2 5 6 3 9 21 22 23 24 25 26 27 28 29 30
20 17 19 14 16 15 1 11 7 10 13 8 12 18 4 2 5 6 3 9 21 22 23 24 25 26 27 28 29 30
20 17 19 14 16 15 18 11 7 10 13 8 12 1 4 2 5 6 3 9 21 22 23 24 25 26 27 28 29 30
9 17 19 14 16 15 18 11 7 10 13 8 12 1 4 2 5 6 3 20 21 22 23 24 25 26 27 28 29 30
19 17 9 14 16 15 18 11 7 10 13 8 12 1 4 2 5 6 3 20 21 22 23 24 25 26 27 28 29 30
19 17 18 14 16 15 9 11 7 10 13 8 12 1 4 2 5 6 3 20 21 22 23 24 25 26 27 28 29 30
3 17 18 14 16 15 9 11 7 10 13 8 12 1 4 2 5 6 19 20 21 22 23 24 25 26 27 28 29 30
18 17 3 14 16 15 9 11 7 10 13 8 12 1 4 2 5 6 19 20 21 22 23 24 25 26 27 28 29 30
18 17 15 14 16 3 9 11 7 10 13 8 12 1 4 2 5 6 19 20 21 22 23 24 25 26 27 28 29 30
18 17 15 14 16 12 9 11 7 10 13 8 3 1 4 2 5 6 19 20 21 22 23 24 25 26 27 28 29 30
6 17 15 14 16 12 9 11 7 10 13 8 3 1 4 2 5 18 19 20 21 22 23 24 25 26 27 28 29 30
17 6 15 14 16 12 9 11 7 10 13 8 3 1 4 2 5 18 19 20 21 22 23 24 25 26 27 28 29 30
17 16 15 14 6 12 9 11 7 10 13 8 3 1 4 2 5 18 19 20 21 22 23 24 25 26 27 28 29 30
17 16 15 14 13 12 9 11 7 10 6 8 3 1 4 2 5 18 19 20 21 22 23 24 25 26 27 28 29 30
5 16 15 14 13 12 9 11 7 10 6 8 3 1 4 2 17 18 19 20 21 22 23 24 25 26 27 28 29 30
16 5 15 14 13 12 9 11 7 10 6 8 3 1 4 2 17 18 19 20 21 22 23 24 25 26 27 28 29 30
16 14 15 5 13 12 9 11 7 10 6 8 3 1 4 2 17 18 19 20 21 22 23 24 25 26 27 28 29 30
16 14 15 11 13 12 9 5 7 10 6 8 3 1 4 2 17 18 19 20 21 22 23 24 25 26 27 28 29 30
2 14 15 11 13 12 9 5 7 10 6 8 3 1 4 16 17 18 19 20 21 22 23 24 25 26 27 28 29 30
15 14 2 11 13 12 9 5 7 10 6 8 3 1 4 16 17 18 19 20 21 22 23 24 25 26 27 28 29 30
15 14 12 11 13 2 9 5 7 10 6 8 3 1 4 16 17 18 19 20 21 22 23 24 25 26 27 28 29 30
15 14 12 11 13 8 9 5 7 10 6 2 3 1 4 16 17 18 19 20 21 22 23 24 25 26 27 28 29 30
4 14 12 11 13 8 9 5 7 10 6 2 3 1 15 16 17 18 19 20 21 22 23 24 25 26 27 28 29 30
14 4 12 11 13 8 9 5 7 10 6 2 3 1 15 16 17 18 19 20 21 22 23 24 25 26 27 28 29 30
14 13 12 11 4 8 9 5 7 10 6 2 3 1 15 16 17 18 19 20 21 22 23 24 25 26 27 28 29 30
14 13 12 11 10 8 9 5 7 4 6 2 3 1 15 16 17 18 19 20 21 22 23 24 25 26 27 28 29 30
1 13 12 11 10 8 9 5 7 4 6 2 3 14 15 16 17 18 19 20 21 22 23 24 25 26 27 28 29 30
13 1 12 11 10 8 9 5 7 4 6 2 3 14 15 16 17 18 19 20 21 22 23 24 25 26 27 28 29 30
13 11 12 1 10 8 9 5 7 4 6 2 3 14 15 16 17 18 19 20 21 22 23 24 25 26 27 28 29 30
13 11 12 7 10 8 9 5 1 4 6 2 3 14 15 16 17 18 19 20 21 22 23 24 25 26 27 28 29 30
3 11 12 7 10 8 9 5 1 4 6 2 13 14 15 16 17 18 19 20 21 22 23 24 25 26 27 28 29 30
12 11 3 7 10 8 9 5 1 4 6 2 13 14 15 16 17 18 19 20 21 22 23 24 25 26 27 28 29 30
12 11 9 7 10 8 3 5 1 4 6 2 13 14 15 16 17 18 19 20 21 22 23 24 25 26 27 28 29 30
2 11 9 7 10 8 3 5 1 4 6 12 13 14 15 16 17 18 19 20 21 22 23 24 25 26 27 28 29 30
11 2 9 7 10 8 3 5 1 4 6 12 13 14 15 16 17 18 19 20 21 22 23 24 25 26 27 28 29 30
11 10 9 7 2 8 3 5 1 4 6 12 13 14 15 16 17 18 19 20 21 22 23 24 25 26 27 28 29 30
11 10 9 7 6 8 3 5 1 4 2 12 13 14 15 16 17 18 19 20 21 22 23 24 25 26 27 28 29 30
2 10 9 7 6 8 3 5 1 4 11 12 13 14 15 16 17 18 19 20 21 22 23 24 25 26 27 28 29 30
10 2 9 7 6 8 3 5 1 4 11 12 13 14 15 16 17 18 19 20 21 22 23 24 25 26 27 28 29 30
10 7 9 2 6 8 3 5 1 4 11 12 13 14 15 16 17 18 19 20 21 22 23 24 25 26 27 28 29 30
10 7 9 5 6 8 3 2 1 4 11 12 13 14 15 16 17 18 19 20 21 22 23 24 25 26 27 28 29 30
4 7 9 5 6 8 3 2 1 10 11 12 13 14 15 16 17 18 19 20 21 22 23 24 25 26 27 28 29 30
9 7 4 5 6 8 3 2 1 10 11 12 13 14 15 16 17 18 19 20 21 22 23 24 25 26 27 28 29 30
9 7 8 5 6 4 3 2 1 10 11 12 13 14 15 16 17 18 19 20 21 22 23 24 25 26 27 28 29 30
1 7 8 5 6 4 3 2 9 10 11 12 13 14 15 16 17 18 19 20 21 22 23 24 25 26 27 28 29 30
8 7 1 5 6 4 3 2 9 10 11 12 13 14 15 16 17 18 19 20 21 22 23 24 25 26 27 28 29 30
8 7 4 5 6 1 3 2 9 10 11 12 13 14 15 16 17 18 19 20 21 22 23 24 25 26 27 28 29 30
2 7 4 5 6 1 3 8 9 10 11 12 13 14 15 16 17 18 19 20 21 22 23 24 25 26 27 28 29 30
7 2 4 5 6 1 3 8 9 10 11 12 13 14 15 16 17 18 19 20 21 22 23 24 25 26 27 28 29 30
7 6 4 5 2 1 3 8 9 10 11 12 13 14 15 16 17 18 19 20 21 22 23 24 25 26 27 28 29 30
3 6 4 5 2 1 7 8 9 10 11 12 13 14 15 16 17 18 19 20 21 22 23 24 25 26 27 28 29 30
6 3 4 5 2 1 7 8 9 10 11 12 13 14 15 16 17 18 19 20 21 22 23 24 25 26 27 28 29 30
6 5 4 3 2 1 7 8 9 10 11 12 13 14 15 16 17 18 19 20 21 22 23 24 25 26 27 28 29 30
1 5 4 3 2 6 7 8 9 10 11 12 13 14 15 16 17 18 19 20 21 22 23 24 25 26 27 28 29 30
5 1 4 3 2 6 7 8 9 10 11 12 13 14 15 16 17 18 19 20 21 22 23 24 25 26 27 28 29 30
5 3 4 1 2 6 7 8 9 10 11 12 13 14 15 16 17 18 19 20 21 22 23 24 25 26 27 28 29 30
2 3 4 1 5 6 7 8 9 10 11 12 13 14 15 16 17 18 19 20 21 22 23 24 25 26 27 28 29 30
4 3 2 1 5 6 7 8 9 10 11 12 13 14 15 16 17 18 19 20 21 22 23 24 25 26 27 28 29 30
1 3 2 4 5 6 7 8 9 10 11 12 13 14 15 16 17 18 19 20 21 22 23 24 25 26 27 28 29 30
3 1 2 4 5 6 7 8 9 10 11 12 13 14 15 16 17 18 19 20 21 22 23 24 25 26 27 28 29 30
2 1 3 4 5 6 7 8 9 10 11 12 13 14 15 16 17 18 19 20 21 22 23 24 25 26 27 28 29 30
1 2 3 4 5 6 7 8 9 10 11 12 13 14 15 16 17 18 19 20 21 22 23 24 25 26 27 28 29 30
