30
25 5 4 3 16 11 18 26 29 7 9 24 12 2 15 21 17 28 22 23 27 20 19 1 14 10 30 6 8 13
25 25 4 3 16 11 18 26 29 7 9 24 12 2 15 21 17 28 22 23 27 20 19 1 14 10 30 6 8 13
5 25 4 3 16 11 18 26 29 7 9 24 12 2 15 21 17 28 22 23 27 20 19 1 14 10 30 6 8 13
5 25 25 3 16 11 18 26 29 7 9 24 12 2 15 21 17 28 22 23 27 20 19 1 14 10 30 6 8 13
5 5 25 3 16 11 18 26 29 7 9 24 12 2 15 21 17 28 22 23 27 20 19 1 14 10 30 6 8 13
4 5 25 3 16 11 18 26 29 7 9 24 12 2 15 21 17 28 22 23 27 20 19 1 14 10 30 6 8 13
4 5 25 25 16 11 18 26 29 7 9 24 12 2 15 21 17 28 22 23 27 20 19 1 14 10 30 6 8 13
4 5 5 25 16 11 18 26 29 7 9 24 12 2 15 21 17 28 22 23 27 20 19 1 14 10 30 6 8 13
4 4 5 25 16 11 18 26 29 7 9 24 12 2 15 21 17 28 22 23 27 20 19 1 14 10 30 6 8 13
3 4 5 25 16 11 18 26 29 7 9 24 12 2 15 21 17 28 22 23 27 20 19 1 14 10 30 6 8 13
3 4 5 25 25 11 18 26 29 7 9 24 12 2 15 21 17 28 22 23 27 20 19 1 14 10 30 6 8 13
3 4 5 16 25 11 18 26 29 7 9 24 12 2 15 21 17 28 22 23 27 20 19 1 14 10 30 6 8 13
3 4 5 16 25 25 18 26 29 7 9 24 12 2 15 21 17 28 22 23 27 20 19 1 14 10 30 6 8 13
3 4 5 16 16 25 18 26 29 7 9 24 12 2 15 21 17 28 22 23 27 20 19 1 14 10 30 6 8 13
3 4 5 11 16 25 18 26 29 7 9 24 12 2 15 21 17 28 22 23 27 20 19 1 14 10 30 6 8 13
3 4 5 11 16 25 25 26 29 7 9 24 12 2 15 21 17 28 22 23 27 20 19 1 14 10 30 6 8 13
3 4 5 11 16 18 25 26 29 7 9 24 12 2 15 21 17 28 22 23 27 20 19 1 14 10 30 6 8 13
3 4 5 11 16 18 25 26 29 7 9 24 12 2 15 21 17 28 22 23 27 20 19 1 14 10 30 6 8 13
3 4 5 11 16 18 25 26 29 7 9 24 12 2 15 21 17 28 22 23 27 20 19 1 14 10 30 6 8 13
3 4 5 11 16 18 25 26 29 29 9 24 12 2 15 21 17 28 22 23 27 20 19 1 14 10 30 6 8 13
3 4 5 11 16 18 25 26 26 29 9 24 12 2 15 21 17 28 22 23 27 20 19 1 14 10 30 6 8 13
3 4 5 11 16 18 25 25 26 29 9 24 12 2 15 21 17 28 22 23 27 20 19 1 14 10 30 6 8 13
3 4 5 11 16 18 18 25 26 29 9 24 12 2 15 21 17 28 22 23 27 20 19 1 14 10 30 6 8 13
3 4 5 11 16 16 18 25 26 29 9 24 12 2 15 21 17 28 22 23 27 20 19 1 14 10 30 6 8 13
3 4 5 11 11 16 18 25 26 29 9 24 12 2 15 21 17 28 22 23 27 20 19 1 14 10 30 6 8 13
3 4 5 7 11 16 18 25 26 29 9 24 12 2 15 21 17 28 22 23 27 20 19 1 14 10 30 6 8 13
3 4 5 7 11 16 18 25 26 29 29 24 12 2 15 21 17 28 22 23 27 20 19 1 14 10 30 6 8 13
3 4 5 7 11 16 18 25 26 26 29 24 12 2 15 21 17 28 22 23 27 20 19 1 14 10 30 6 8 13
3 4 5 7 11 16 18 25 25 26 29 24 12 2 15 21 17 28 22 23 27 20 19 1 14 10 30 6 8 13
3 4 5 7 11 16 18 18 25 26 29 24 12 2 15 21 17 28 22 23 27 20 19 1 14 10 30 6 8 13
3 4 5 7 11 16 16 18 25 26 29 24 12 2 15 21 17 28 22 23 27 20 19 1 14 10 30 6 8 13
3 4 5 7 11 11 16 18 25 26 29 24 12 2 15 21 17 28 22 23 27 20 19 1 14 10 30 6 8 13
3 4 5 7 9 11 16 18 25 26 29 24 12 2 15 21 17 28 22 23 27 20 19 1 14 10 30 6 8 13
3 4 5 7 9 11 16 18 25 26 29 29 12 2 15 21 17 28 22 23 27 20 19 1 14 10 30 6 8 13
3 4 5 7 9 11 16 18 25 26 26 29 12 2 15 21 17 28 22 23 27 20 19 1 14 10 30 6 8 13
3 4 5 7 9 11 16 18 25 25 26 29 12 2 15 21 17 28 22 23 27 20 19 1 14 10 30 6 8 13
3 4 5 7 9 11 16 18 24 25 26 29 12 2 15 21 17 28 22 23 27 20 19 1 14 10 30 6 8 13
3 4 5 7 9 11 16 18 24 25 26 29 29 2 15 21 17 28 22 23 27 20 19 1 14 10 30 6 8 13
3 4 5 7 9 11 16 18 24 25 26 26 29 2 15 21 17 28 22 23 27 20 19 1 14 10 30 6 8 13
3 4 5 7 9 11 16 18 24 25 25 26 29 2 15 21 17 28 22 23 27 20 19 1 14 10 30 6 8 13
3 4 5 7 9 11 16 18 24 24 25 26 29 2 15 21 17 28 22 23 27 20 19 1 14 10 30 6 8 13
3 4 5 7 9 11 16 18 18 24 25 26 29 2 15 21 17 28 22 23 27 20 19 1 14 10 30 6 8 13
3 4 5 7 9 11 16 16 18 24 25 26 29 2 15 21 17 28 22 23 27 20 19 1 14 10 30 6 8 13
3 4 5 7 9 11 12 16 18 24 25 26 29 2 15 21 17 28 22 23 27 20 19 1 14 10 30 6 8 13
3 4 5 7 9 11 12 16 18 24 25 26 29 29 15 21 17 28 22 23 27 20 19 1 14 10 30 6 8 13
3 4 5 7 9 11 12 16 18 24 25 26 26 29 15 21 17 28 22 23 27 20 19 1 14 10 30 6 8 13
3 4 5 7 9 11 12 16 18 24 25 25 26 29 15 21 17 28 22 23 27 20 19 1 14 10 30 6 8 13
3 4 5 7 9 11 12 16 18 24 24 25 26 29 15 21 17 28 22 23 27 20 19 1 14 10 30 6 8 13
3 4 5 7 9 11 12 16 18 18 24 25 26 29 15 21 17 28 22 23 27 20 19 1 14 10 30 6 8 13
3 4 5 7 9 11 12 16 16 18 24 25 26 29 15 21 17 28 22 23 27 20 19 1 14 10 30 6 8 13
3 4 5 7 9 11 12 12 16 18 24 25 26 29 15 21 17 28 22 23 27 20 19 1 14 10 30 6 8 13
3 4 5 7 9 11 11 12 16 18 24 25 26 29 15 21 17 28 22 23 27 20 19 1 14 10 30 6 8 13
3 4 5 7 9 9 11 12 16 18 24 25 26 29 15 21 17 28 22 23 27 20 19 1 14 10 30 6 8 13
3 4 5 7 7 9 11 12 16 18 24 25 26 29 15 21 17 28 22 23 27 20 19 1 14 10 30 6 8 13
3 4 5 5 7 9 11 12 16 18 24 25 26 29 15 21 17 28 22 23 27 20 19 1 14 10 30 6 8 13
3 4 4 5 7 9 11 12 16 18 24 25 26 29 15 21 17 28 22 23 27 20 19 1 14 10 30 6 8 13
3 3 4 5 7 9 11 12 16 18 24 25 26 29 15 21 17 28 22 23 27 20 19 1 14 10 30 6 8 13
2 3 4 5 7 9 11 12 16 18 24 25 26 29 15 21 17 28 22 23 27 20 19 1 14 10 30 6 8 13
2 3 4 5 7 9 11 12 16 18 24 25 26 29 29 21 17 28 22 23 27 20 19 1 14 10 30 6 8 13
2 3 4 5 7 9 11 12 16 18 24 25 26 26 29 21 17 28 22 23 27 20 19 1 14 10 30 6 8 13
2 3 4 5 7 9 11 12 16 18 24 25 25 26 29 21 17 28 22 23 27 20 19 1 14 10 30 6 8 13
2 3 4 5 7 9 11 12 16 18 24 24 25 26 29 21 17 28 22 23 27 20 19 1 14 10 30 6 8 13
2 3 4 5 7 9 11 12 16 18 18 24 25 26 29 21 17 28 22 23 27 20 19 1 14 10 30 6 8 13
2 3 4 5 7 9 11 12 16 16 18 24 25 26 29 21 17 28 22 23 27 20 19 1 14 10 30 6 8 13
2 3 4 5 7 9 11 12 15 16 18 24 25 26 29 21 17 28 22 23 27 20 19 1 14 10 30 6 8 13
2 3 4 5 7 9 11 12 15 16 18 24 25 26 29 29 17 28 22 23 27 20 19 1 14 10 30 6 8 13
2 3 4 5 7 9 11 12 15 16 18 24 25 26 26 29 17 28 22 23 27 20 19 1 14 10 30 6 8 13
2 3 4 5 7 9 11 12 15 16 18 24 25 25 26 29 17 28 22 23 27 20 19 1 14 10 30 6 8 13
2 3 4 5 7 9 11 12 15 16 18 24 24 25 26 29 17 28 22 23 27 20 19 1 14 10 30 6 8 13
2 3 4 5 7 9 11 12 15 16 18 21 24 25 26 29 17 28 22 23 27 20 19 1 14 10 30 6 8 13
2 3 4 5 7 9 11 12 15 16 18 21 24 25 26 29 29 28 22 23 27 20 19 1 14 10 30 6 8 13
2 3 4 5 7 9 11 12 15 16 18 21 24 25 26 26 29 28 22 23 27 20 19 1 14 10 30 6 8 13
2 3 4 5 7 9 11 12 15 16 18 21 24 25 25 26 29 28 22 23 27 20 19 1 14 10 30 6 8 13
2 3 4 5 7 9 11 12 15 16 18 21 24 24 25 26 29 28 22 23 27 20 19 1 14 10 30 6 8 13
2 3 4 5 7 9 11 12 15 16 18 21 21 24 25 26 29 28 22 23 27 20 19 1 14 10 30 6 8 13
2 3 4 5 7 9 11 12 15 16 18 18 21 24 25 26 29 28 22 23 27 20 19 1 14 10 30 6 8 13
2 3 4 5 7 9 11 12 15 16 17 18 21 24 25 26 29 28 22 23 27 20 19 1 14 10 30 6 8 13
2 3 4 5 7 9 11 12 15 16 17 18 21 24 25 26 29 29 22 23 27 20 19 1 14 10 30 6 8 13
2 3 4 5 7 9 11 12 15 16 17 18 21 24 25 26 28 29 22 23 27 20 19 1 14 10 30 6 8 13
2 3 4 5 7 9 11 12 15 16 17 18 21 24 25 26 28 29 29 23 27 20 19 1 14 10 30 6 8 13
2 3 4 5 7 9 11 12 15 16 17 18 21 24 25 26 28 28 29 23 27 20 19 1 14 10 30 6 8 13
2 3 4 5 7 9 11 12 15 16 17 18 21 24 25 26 26 28 29 23 27 20 19 1 14 10 30 6 8 13
2 3 4 5 7 9 11 12 15 16 17 18 21 24 25 25 26 28 29 23 27 20 19 1 14 10 30 6 8 13
2 3 4 5 7 9 11 12 15 16 17 18 21 24 24 25 26 28 29 23 27 20 19 1 14 10 30 6 8 13
2 3 4 5 7 9 11 12 15 16 17 18 21 22 24 25 26 28 29 23 27 20 19 1 14 10 30 6 8 13
2 3 4 5 7 9 11 12 15 16 17 18 21 22 24 25 26 28 29 29 27 20 19 1 14 10 30 6 8 13
2 3 4 5 7 9 11 12 15 16 17 18 21 22 24 25 26 28 28 29 27 20 19 1 14 10 30 6 8 13
2 3 4 5 7 9 11 12 15 16 17 18 21 22 24 25 26 26 28 29 27 20 19 1 14 10 30 6 8 13
2 3 4 5 7 9 11 12 15 16 17 18 21 22 24 25 25 26 28 29 27 20 19 1 14 10 30 6 8 13
2 3 4 5 7 9 11 12 15 16 17 18 21 22 24 24 25 26 28 29 27 20 19 1 14 10 30 6 8 13
2 3 4 5 7 9 11 12 15 16 17 18 21 22 23 24 25 26 28 29 27 20 19 1 14 10 30 6 8 13
2 3 4 5 7 9 11 12 15 16 17 18 21 22 23 24 25 26 28 29 29 20 19 1 14 10 30 6 8 13
2 3 4 5 7 9 11 12 15 16 17 18 21 22 23 24 25 26 28 28 29 20 19 1 14 10 30 6 8 13
2 3 4 5 7 9 11 12 15 16 17 18 21 22 23 24 25 26 27 28 29 20 19 1 14 10 30 6 8 13
2 3 4 5 7 9 11 12 15 16 17 18 21 22 23 24 25 26 27 28 29 29 19 1 14 10 30 6 8 13
2 3 4 5 7 9 11 12 15 16 17 18 21 22 23 24 25 26 27 28 28 29 19 1 14 10 30 6 8 13
2 3 4 5 7 9 11 12 15 16 17 18 21 22 23 24 25 26 27 27 28 29 19 1 14 10 30 6 8 13
2 3 4 5 7 9 11 12 15 16 17 18 21 22 23 24 25 26 26 27 28 29 19 1 14 10 30 6 8 13
2 3 4 5 7 9 11 12 15 16 17 18 21 22 23 24 25 25 26 27 28 29 19 1 14 10 30 6 8 13
2 3 4 5 7 9 11 12 15 16 17 18 21 22 23 24 24 25 26 27 28 29 19 1 14 10 30 6 8 13
2 3 4 5 7 9 11 12 15 16 17 18 21 22 23 23 24 25 26 27 28 29 19 1 14 10 30 6 8 13
2 3 4 5 7 9 11 12 15 16 17 18 21 22 22 23 24 25 26 27 28 29 19 1 14 10 30 6 8 13
2 3 4 5 7 9 11 12 15 16 17 18 21 21 22 23 24 25 26 27 28 29 19 1 14 10 30 6 8 13
2 3 4 5 7 9 11 12 15 16 17 18 20 21 22 23 24 25 26 27 28 29 19 1 14 10 30 6 8 13
2 3 4 5 7 9 11 12 15 16 17 18 20 21 22 23 24 25 26 27 28 29 29 1 14 10 30 6 8 13
2 3 4 5 7 9 11 12 15 16 17 18 20 21 22 23 24 25 26 27 28 28 29 1 14 10 30 6 8 13
2 3 4 5 7 9 11 12 15 16 17 18 20 21 22 23 24 25 26 27 27 28 29 1 14 10 30 6 8 13
2 3 4 5 7 9 11 12 15 16 17 18 20 21 22 23 24 25 26 26 27 28 29 1 14 10 30 6 8 13
2 3 4 5 7 9 11 12 15 16 17 18 20 21 22 23 24 25 25 26 27 28 29 1 14 10 30 6 8 13
2 3 4 5 7 9 11 12 15 16 17 18 20 21 22 23 24 24 25 26 27 28 29 1 14 10 30 6 8 13
2 3 4 5 7 9 11 12 15 16 17 18 20 21 22 23 23 24 25 26 27 28 29 1 14 10 30 6 8 13
2 3 4 5 7 9 11 12 15 16 17 18 20 21 22 22 23 24 25 26 27 28 29 1 14 10 30 6 8 13
2 3 4 5 7 9 11 12 15 16 17 18 20 21 21 22 23 24 25 26 27 28 29 1 14 10 30 6 8 13
2 3 4 5 7 9 11 12 15 16 17 18 20 20 21 22 23 24 25 26 27 28 29 1 14 10 30 6 8 13
2 3 4 5 7 9 11 12 15 16 17 18 19 20 21 22 23 24 25 26 27 28 29 1 14 10 30 6 8 13
2 3 4 5 7 9 11 12 15 16 17 18 19 20 21 22 23 24 25 26 27 28 29 29 14 10 30 6 8 13
2 3 4 5 7 9 11 12 15 16 17 18 19 20 21 22 23 24 25 26 27 28 28 29 14 10 30 6 8 13
2 3 4 5 7 9 11 12 15 16 17 18 19 20 21 22 23 24 25 26 27 27 28 29 14 10 30 6 8 13
2 3 4 5 7 9 11 12 15 16 17 18 19 20 21 22 23 24 25 26 26 27 28 29 14 10 30 6 8 13
2 3 4 5 7 9 11 12 15 16 17 18 19 20 21 22 23 24 25 25 26 27 28 29 14 10 30 6 8 13
2 3 4 5 7 9 11 12 15 16 17 18 19 20 21 22 23 24 24 25 26 27 28 29 14 10 30 6 8 13
2 3 4 5 7 9 11 12 15 16 17 18 19 20 21 22 23 23 24 25 26 27 28 29 14 10 30 6 8 13
2 3 4 5 7 9 11 12 15 16 17 18 19 20 21 22 22 23 24 25 26 27 28 29 14 10 30 6 8 13
2 3 4 5 7 9 11 12 15 16 17 18 19 20 21 21 22 23 24 25 26 27 28 29 14 10 30 6 8 13
2 3 4 5 7 9 11 12 15 16 17 18 19 20 20 21 22 23 24 25 26 27 28 29 14 10 30 6 8 13
2 3 4 5 7 9 11 12 15 16 17 18 19 19 20 21 22 23 24 25 26 27 28 29 14 10 30 6 8 13
2 3 4 5 7 9 11 12 15 16 17 18 18 19 20 21 22 23 24 25 26 27 28 29 14 10 30 6 8 13
2 3 4 5 7 9 11 12 15 16 17 17 18 19 20 21 22 23 24 25 26 27 28 29 14 10 30 6 8 13
2 3 4 5 7 9 11 12 15 16 16 17 18 19 20 21 22 23 24 25 26 27 28 29 14 10 30 6 8 13
2 3 4 5 7 9 11 12 15 15 16 17 18 19 20 21 22 23 24 25 26 27 28 29 14 10 30 6 8 13
2 3 4 5 7 9 11 12 12 15 16 17 18 19 20 21 22 23 24 25 26 27 28 29 14 10 30 6 8 13
2 3 4 5 7 9 11 11 12 15 16 17 18 19 20 21 22 23 24 25 26 27 28 29 14 10 30 6 8 13
2 3 4 5 7 9 9 11 12 15 16 17 18 19 20 21 22 23 24 25 26 27 28 29 14 10 30 6 8 13
2 3 4 5 7 7 9 11 12 15 16 17 18 19 20 21 22 23 24 25 26 27 28 29 14 10 30 6 8 13
2 3 4 5 5 7 9 11 12 15 16 17 18 19 20 21 22 23 24 25 26 27 28 29 14 10 30 6 8 13
2 3 4 4 5 7 9 11 12 15 16 17 18 19 20 21 22 23 24 25 26 27 28 29 14 10 30 6 8 13
2 3 3 4 5 7 9 11 12 15 16 17 18 19 20 21 22 23 24 25 26 27 28 29 14 10 30 6 8 13
2 2 3 4 5 7 9 11 12 15 16 17 18 19 20 21 22 23 24 25 26 27 28 29 14 10 30 6 8 13
1 2 3 4 5 7 9 11 12 15 16 17 18 19 20 21 22 23 24 25 26 27 28 29 14 10 30 6 8 13
1 2 3 4 5 7 9 11 12 15 16 17 18 19 20 21 22 23 24 25 26 27 28 29 29 10 30 6 8 13
1 2 3 4 5 7 9 11 12 15 16 17 18 19 20 21 22 23 24 25 26 27 28 28 29 10 30 6 8 13
1 2 3 4 5 7 9 11 12 15 16 17 18 19 20 21 22 23 24 25 26 27 27 28 29 10 30 6 8 13
1 2 3 4 5 7 9 11 12 15 16 17 18 19 20 21 22 23 24 25 26 26 27 28 29 10 30 6 8 13
1 2 3 4 5 7 9 11 12 15 16 17 18 19 20 21 22 23 24 25 25 26 27 28 29 10 30 6 8 13
1 2 3 4 5 7 9 11 12 15 16 17 18 19 20 21 22 23 24 24 25 26 27 28 29 10 30 6 8 13
1 2 3 4 5 7 9 11 12 15 16 17 18 19 20 21 22 23 23 24 25 26 27 28 29 10 30 6 8 13
1 2 3 4 5 7 9 11 12 15 16 17 18 19 20 21 22 22 23 24 25 26 27 28 29 10 30 6 8 13
1 2 3 4 5 7 9 11 12 15 16 17 18 19 20 21 21 22 23 24 25 26 27 28 29 10 30 6 8 13
1 2 3 4 5 7 9 11 12 15 16 17 18 19 20 20 21 22 23 24 25 26 27 28 29 10 30 6 8 13
1 2 3 4 5 7 9 11 12 15 16 17 18 19 19 20 21 22 23 24 25 26 27 28 29 10 30 6 8 13
1 2 3 4 5 7 9 11 12 15 16 17 18 18 19 20 21 22 23 24 25 26 27 28 29 10 30 6 8 13
1 2 3 4 5 7 9 11 12 15 16 17 17 18 19 20 21 22 23 24 25 26 27 28 29 10 30 6 8 13
1 2 3 4 5 7 9 11 12 15 16 16 17 18 19 20 21 22 23 24 25 26 27 28 29 10 30 6 8 13
1 2 3 4 5 7 9 11 12 15 15 16 17 18 19 20 21 22 23 24 25 26 27 28 29 10 30 6 8 13
1 2 3 4 5 7 9 11 12 14 15 16 17 18 19 20 21 22 23 24 25 26 27 28 29 10 30 6 8 13
1 2 3 4 5 7 9 11 12 14 15 16 17 18 19 20 21 22 23 24 25 26 27 28 29 29 30 6 8 13
1 2 3 4 5 7 9 11 12 14 15 16 17 18 19 20 21 22 23 24 25 26 27 28 28 29 30 6 8 13
1 2 3 4 5 7 9 11 12 14 15 16 17 18 19 20 21 22 23 24 25 26 27 27 28 29 30 6 8 13
1 2 3 4 5 7 9 11 12 14 15 16 17 18 19 20 21 22 23 24 25 26 26 27 28 29 30 6 8 13
1 2 3 4 5 7 9 11 12 14 15 16 17 18 19 20 21 22 23 24 25 25 26 27 28 29 30 6 8 13
1 2 3 4 5 7 9 11 12 14 15 16 17 18 19 20 21 22 23 24 24 25 26 27 28 29 30 6 8 13
1 2 3 4 5 7 9 11 12 14 15 16 17 18 19 20 21 22 23 23 24 25 26 27 28 29 30 6 8 13
1 2 3 4 5 7 9 11 12 14 15 16 17 18 19 20 21 22 22 23 24 25 26 27 28 29 30 6 8 13
1 2 3 4 5 7 9 11 12 14 15 16 17 18 19 20 21 21 22 23 24 25 26 27 28 29 30 6 8 13
1 2 3 4 5 7 9 11 12 14 15 16 17 18 19 20 20 21 22 23 24 25 26 27 28 29 30 6 8 13
1 2 3 4 5 7 9 11 12 14 15 16 17 18 19 19 20 21 22 23 24 25 26 27 28 29 30 6 8 13
1 2 3 4 5 7 9 11 12 14 15 16 17 18 18 19 20 21 22 23 24 25 26 27 28 29 30 6 8 13
1 2 3 4 5 7 9 11 12 14 15 16 17 17 18 19 20 21 22 23 24 25 26 27 28 29 30 6 8 13
1 2 3 4 5 7 9 11 12 14 15 16 16 17 18 19 20 21 22 23 24 25 26 27 28 29 30 6 8 13
1 2 3 4 5 7 9 11 12 14 15 15 16 17 18 19 20 21 22 23 24 25 26 27 28 29 30 6 8 13
1 2 3 4 5 7 9 11 12 14 14 15 16 17 18 19 20 21 22 23 24 25 26 27 28 29 30 6 8 13
1 2 3 4 5 7 9 11 12 12 14 15 16 17 18 19 20 21 22 23 24 25 26 27 28 29 30 6 8 13
1 2 3 4 5 7 9 11 11 12 14 15 16 17 18 19 20 21 22 23 24 25 26 27 28 29 30 6 8 13
1 2 3 4 5 7 9 10 11 12 14 15 16 17 18 19 20 21 22 23 24 25 26 27 28 29 30 6 8 13
1 2 3 4 5 7 9 10 11 12 14 15 16 17 18 19 20 21 22 23 24 25 26 27 28 29 30 6 8 13
1 2 3 4 5 7 9 10 11 12 14 15 16 17 18 19 20 21 22 23 24 25 26 27 28 29 30 30 8 13
1 2 3 4 5 7 9 10 11 12 14 15 16 17 18 19 20 21 22 23 24 25 26 27 28 29 29 30 8 13
1 2 3 4 5 7 9 10 11 12 14 15 16 17 18 19 20 21 22 23 24 25 26 27 28 28 29 30 8 13
1 2 3 4 5 7 9 10 11 12 14 15 16 17 18 19 20 21 22 23 24 25 26 27 27 28 29 30 8 13
1 2 3 4 5 7 9 10 11 12 14 15 16 17 18 19 20 21 22 23 24 25 26 26 27 28 29 30 8 13
1 2 3 4 5 7 9 10 11 12 14 15 16 17 18 19 20 21 22 23 24 25 25 26 27 28 29 30 8 13
1 2 3 4 5 7 9 10 11 12 14 15 16 17 18 19 20 21 22 23 24 24 25 26 27 28 29 30 8 13
1 2 3 4 5 7 9 10 11 12 14 15 16 17 18 19 20 21 22 23 23 24 25 26 27 28 29 30 8 13
1 2 3 4 5 7 9 10 11 12 14 15 16 17 18 19 20 21 22 22 23 24 25 26 27 28 29 30 8 13
1 2 3 4 5 7 9 10 11 12 14 15 16 17 18 19 20 21 21 22 23 24 25 26 27 28 29 30 8 13
1 2 3 4 5 7 9 10 11 12 14 15 16 17 18 19 20 20 21 22 23 24 25 26 27 28 29 30 8 13
1 2 3 4 5 7 9 10 11 12 14 15 16 17 18 19 19 20 21 22 23 24 25 26 27 28 29 30 8 13
1 2 3 4 5 7 9 10 11 12 14 15 16 17 18 18 19 20 21 22 23 24 25 26 27 28 29 30 8 13
1 2 3 4 5 7 9 10 11 12 14 15 16 17 17 18 19 20 21 22 23 24 25 26 27 28 29 30 8 13
1 2 3 4 5 7 9 10 11 12 14 15 16 16 17 18 19 20 21 22 23 24 25 26 27 28 29 30 8 13
1 2 3 4 5 7 9 10 11 12 14 15 15 16 17 18 19 20 21 22 23 24 25 26 27 28 29 30 8 13
1 2 3 4 5 7 9 10 11 12 14 14 15 16 17 18 19 20 21 22 23 24 25 26 27 28 29 30 8 13
1 2 3 4 5 7 9 10 11 12 12 14 15 16 17 18 19 20 21 22 23 24 25 26 27 28 29 30 8 13
1 2 3 4 5 7 9 10 11 11 12 14 15 16 17 18 19 20 21 22 23 24 25 26 27 28 29 30 8 13
1 2 3 4 5 7 9 10 10 11 12 14 15 16 17 18 19 20 21 22 23 24 25 26 27 28 29 30 8 13
1 2 3 4 5 7 9 9 10 11 12 14 15 16 17 18 19 20 21 22 23 24 25 26 27 28 29 30 8 13
1 2 3 4 5 7 7 9 10 11 12 14 15 16 17 18 19 20 21 22 23 24 25 26 27 28 29 30 8 13
1 2 3 4 5 6 7 9 10 11 12 14 15 16 17 18 19 20 21 22 23 24 25 26 27 28 29 30 8 13
1 2 3 4 5 6 7 9 10 11 12 14 15 16 17 18 19 20 21 22 23 24 25 26 27 28 29 30 30 13
1 2 3 4 5 6 7 9 10 11 12 14 15 16 17 18 19 20 21 22 23 24 25 26 27 28 29 29 30 13
1 2 3 4 5 6 7 9 10 11 12 14 15 16 17 18 19 20 21 22 23 24 25 26 27 28 28 29 30 13
1 2 3 4 5 6 7 9 10 11 12 14 15 16 17 18 19 20 21 22 23 24 25 26 27 27 28 29 30 13
1 2 3 4 5 6 7 9 10 11 12 14 15 16 17 18 19 20 21 22 23 24 25 26 26 27 28 29 30 13
1 2 3 4 5 6 7 9 10 11 12 14 15 16 17 18 19 20 21 22 23 24 25 25 26 27 28 29 30 13
1 2 3 4 5 6 7 9 10 11 12 14 15 16 17 18 19 20 21 22 23 24 24 25 26 27 28 29 30 13
1 2 3 4 5 6 7 9 10 11 12 14 15 16 17 18 19 20 21 22 23 23 24 25 26 27 28 29 30 13
1 2 3 4 5 6 7 9 10 11 12 14 15 16 17 18 19 20 21 22 22 23 24 25 26 27 28 29 30 13
1 2 3 4 5 6 7 9 10 11 12 14 15 16 17 18 19 20 21 21 22 23 24 25 26 27 28 29 30 13
1 2 3 4 5 6 7 9 10 11 12 14 15 16 17 18 19 20 20 21 22 23 24 25 26 27 28 29 30 13
1 2 3 4 5 6 7 9 10 11 12 14 15 16 17 18 19 19 20 21 22 23 24 25 26 27 28 29 30 13
1 2 3 4 5 6 7 9 10 11 12 14 15 16 17 18 18 19 20 21 22 23 24 25 26 27 28 29 30 13
1 2 3 4 5 6 7 9 10 11 12 14 15 16 17 17 18 19 20 21 22 23 24 25 26 27 28 29 30 13
1 2 3 4 5 6 7 9 10 11 12 14 15 16 16 17 18 19 20 21 22 23 24 25 26 27 28 29 30 13
1 2 3 4 5 6 7 9 10 11 12 14 15 15 16 17 18 19 20 21 22 23 24 25 26 27 28 29 30 13
1 2 3 4 5 6 7 9 10 11 12 14 14 15 16 17 18 19 20 21 22 23 24 25 26 27 28 29 30 13
1 2 3 4 5 6 7 9 10 11 12 12 14 15 16 17 18 19 20 21 22 23 24 25 26 27 28 29 30 13
1 2 3 4 5 6 7 9 10 11 11 12 14 15 16 17 18 19 20 21 22 23 24 25 26 27 28 29 30 13
1 2 3 4 5 6 7 9 10 10 11 12 14 15 16 17 18 19 20 21 22 23 24 25 26 27 28 29 30 13
1 2 3 4 5 6 7 9 9 10 11 12 14 15 16 17 18 19 20 21 22 23 24 25 26 27 28 29 30 13
1 2 3 4 5 6 7 8 9 10 11 12 14 15 16 17 18 19 20 21 22 23 24 25 26 27 28 29 30 13
1 2 3 4 5 6 7 8 9 10 11 12 14 15 16 17 18 19 20 21 22 23 24 25 26 27 28 29 30 30
1 2 3 4 5 6 7 8 9 10 11 12 14 15 16 17 18 19 20 21 22 23 24 25 26 27 28 29 29 30
1 2 3 4 5 6 7 8 9 10 11 12 14 15 16 17 18 19 20 21 22 23 24 25 26 27 28 28 29 30
1 2 3 4 5 6 7 8 9 10 11 12 14 15 16 17 18 19 20 21 22 23 24 25 26 27 27 28 29 30
1 2 3 4 5 6 7 8 9 10 11 12 14 15 16 17 18 19 20 21 22 23 24 25 26 26 27 28 29 30
1 2 3 4 5 6 7 8 9 10 11 12 14 15 16 17 18 19 20 21 22 23 24 25 25 26 27 28 29 30
1 2 3 4 5 6 7 8 9 10 11 12 14 15 16 17 18 19 20 21 22 23 24 24 25 26 27 28 29 30
1 2 3 4 5 6 7 8 9 10 11 12 14 15 16 17 18 19 20 21 22 23 23 24 25 26 27 28 29 30
1 2 3 4 5 6 7 8 9 10 11 12 14 15 16 17 18 19 20 21 22 22 23 24 25 26 27 28 29 30
1 2 3 4 5 6 7 8 9 10 11 12 14 15 16 17 18 19 20 21 21 22 23 24 25 26 27 28 29 30
1 2 3 4 5 6 7 8 9 10 11 12 14 15 16 17 18 19 20 20 21 22 23 24 25 26 27 28 29 30
1 2 3 4 5 6 7 8 9 10 11 12 14 15 16 17 18 19 19 20 21 22 23 24 25 26 27 28 29 30
1 2 3 4 5 6 7 8 9 10 11 12 14 15 16 17 18 18 19 20 21 22 23 24 25 26 27 28 29 30
1 2 3 4 5 6 7 8 9 10 11 12 14 15 16 17 17 18 19 20 21 22 23 24 25 26 27 28 29 30
1 2 3 4 5 6 7 8 9 10 11 12 14 15 16 16 17 18 19 20 21 22 23 24 25 26 27 28 29 30
1 2 3 4 5 6 7 8 9 10 11 12 14 15 15 16 17 18 19 20 21 22 23 24 25 26 27 28 29 30
1 2 3 4 5 6 7 8 9 10 11 12 14 14 15 16 17 18 19 20 21 22 23 24 25 26 27 28 29 30
1 2 3 4 5 6 7 8 9 10 11 12 13 14 15 16 17 18 19 20 21 22 23 24 25 26 27 28 29 30
