30
25 4 16 12 22 29 13 24 26 23 19 2 5 11 18 3 1 10 20 27 15 14 28 6 7 8 30 21 17 9
4 4 16 12 22 29 13 24 26 23 19 2 5 11 18 3 1 10 20 27 15 14 28 6 7 8 30 21 17 9
4 25 16 12 22 29 13 24 26 23 19 2 5 11 18 3 1 10 20 27 15 14 28 6 7 8 30 21 17 9
4 25 12 12 22 29 13 24 26 23 19 2 5 11 18 3 1 10 20 27 15 14 28 6 7 8 30 21 17 9
4 25 12 16 22 29 13 24 26 23 19 2 5 11 18 3 1 10 20 27 15 14 28 6 7 8 30 21 17 9
4 25 12 16 22 29 13 24 26 23 19 2 5 11 18 3 1 10 20 27 15 14 28 6 7 8 30 21 17 9
4 12 12 16 22 29 13 24 26 23 19 2 5 11 18 3 1 10 20 27 15 14 28 6 7 8 30 21 17 9
4 12 16 16 22 29 13 24 26 23 19 2 5 11 18 3 1 10 20 27 15 14 28 6 7 8 30 21 17 9
4 12 16 25 22 29 13 24 26 23 19 2 5 11 18 3 1 10 20 27 15 14 28 6 7 8 30 21 17 9
4 12 16 25 22 29 13 24 26 23 19 2 5 11 18 3 1 10 20 27 15 14 28 6 7 8 30 21 17 9
4 12 16 25 22 29 13 24 26 23 19 2 5 11 18 3 1 10 20 27 15 14 28 6 7 8 30 21 17 9
4 12 16 25 22 29 13 24 26 23 19 2 5 11 18 3 1 10 20 27 15 14 28 6 7 8 30 21 17 9
4 12 16 25 22 29 13 24 26 23 19 2 5 11 18 3 1 10 20 27 15 14 28 6 7 8 30 21 17 9
4 12 16 25 13 29 13 24 26 23 19 2 5 11 18 3 1 10 20 27 15 14 28 6 7 8 30 21 17 9
4 12 16 25 13 22 13 24 26 23 19 2 5 11 18 3 1 10 20 27 15 14 28 6 7 8 30 21 17 9
4 12 16 25 13 22 24 24 26 23 19 2 5 11 18 3 1 10 20 27 15 14 28 6 7 8 30 21 17 9
4 12 16 25 13 22 24 29 26 23 19 2 5 11 18 3 1 10 20 27 15 14 28 6 7 8 30 21 17 9
4 12 16 25 13 22 24 29 26 23 19 2 5 11 18 3 1 10 20 27 15 14 28 6 7 8 30 21 17 9
4 12 16 25 13 22 24 29 26 23 19 2 5 11 18 3 1 10 20 27 15 14 28 6 7 8 30 21 17 9
4 12 13 25 13 22 24 29 26 23 19 2 5 11 18 3 1 10 20 27 15 14 28 6 7 8 30 21 17 9
4 12 13 16 13 22 24 29 26 23 19 2 5 11 18 3 1 10 20 27 15 14 28 6 7 8 30 21 17 9
4 12 13 16 22 22 24 29 26 23 19 2 5 11 18 3 1 10 20 27 15 14 28 6 7 8 30 21 17 9
4 12 13 16 22 24 24 29 26 23 19 2 5 11 18 3 1 10 20 27 15 14 28 6 7 8 30 21 17 9
4 12 13 16 22 24 25 29 26 23 19 2 5 11 18 3 1 10 20 27 15 14 28 6 7 8 30 21 17 9
4 12 13 16 22 24 25 29 26 23 19 2 5 11 18 3 1 10 20 27 15 14 28 6 7 8 30 21 17 9
4 12 13 16 22 24 25 29 23 23 19 2 5 11 18 3 1 10 20 27 15 14 28 6 7 8 30 21 17 9
4 12 13 16 22 24 25 29 23 26 19 2 5 11 18 3 1 10 20 27 15 14 28 6 7 8 30 21 17 9
4 12 13 16 22 24 25 29 23 26 2 2 5 11 18 3 1 10 20 27 15 14 28 6 7 8 30 21 17 9
4 12 13 16 22 24 25 29 23 26 2 19 5 11 18 3 1 10 20 27 15 14 28 6 7 8 30 21 17 9
4 12 13 16 22 24 25 29 2 26 2 19 5 11 18 3 1 10 20 27 15 14 28 6 7 8 30 21 17 9
4 12 13 16 22 24 25 29 2 19 2 19 5 11 18 3 1 10 20 27 15 14 28 6 7 8 30 21 17 9
4 12 13 16 22 24 25 29 2 19 23 19 5 11 18 3 1 10 20 27 15 14 28 6 7 8 30 21 17 9
4 12 13 16 22 24 25 29 2 19 23 26 5 11 18 3 1 10 20 27 15 14 28 6 7 8 30 21 17 9
4 12 13 16 22 24 25 29 2 19 23 26 5 11 18 3 1 10 20 27 15 14 28 6 7 8 30 21 17 9
4 12 13 16 22 24 25 29 2 19 23 26 5 11 18 3 1 10 20 27 15 14 28 6 7 8 30 21 17 9
4 12 13 16 22 24 25 29 2 19 23 26 5 11 18 3 1 10 20 27 15 14 28 6 7 8 30 21 17 9
4 12 13 16 22 24 25 29 2 19 23 26 5 11 18 3 1 10 20 27 15 14 28 6 7 8 30 21 17 9
4 12 13 16 22 24 25 29 2 19 23 26 5 11 18 3 1 10 20 27 15 14 28 6 7 8 30 21 17 9
4 12 13 16 22 24 25 29 2 19 23 26 5 11 18 3 1 10 20 27 15 14 28 6 7 8 30 21 17 9
4 12 13 16 22 24 25 29 2 5 23 26 5 11 18 3 1 10 20 27 15 14 28 6 7 8 30 21 17 9
4 12 13 16 22 24 25 29 2 5 11 26 5 11 18 3 1 10 20 27 15 14 28 6 7 8 30 21 17 9
4 12 13 16 22 24 25 29 2 5 11 18 5 11 18 3 1 10 20 27 15 14 28 6 7 8 30 21 17 9
4 12 13 16 22 24 25 29 2 5 11 18 19 11 18 3 1 10 20 27 15 14 28 6 7 8 30 21 17 9
4 12 13 16 22 24 25 29 2 5 11 18 19 23 18 3 1 10 20 27 15 14 28 6 7 8 30 21 17 9
4 12 13 16 22 24 25 29 2 5 11 18 19 23 26 3 1 10 20 27 15 14 28 6 7 8 30 21 17 9
2 12 13 16 22 24 25 29 2 5 11 18 19 23 26 3 1 10 20 27 15 14 28 6 7 8 30 21 17 9
2 4 13 16 22 24 25 29 2 5 11 18 19 23 26 3 1 10 20 27 15 14 28 6 7 8 30 21 17 9
2 4 5 16 22 24 25 29 2 5 11 18 19 23 26 3 1 10 20 27 15 14 28 6 7 8 30 21 17 9
2 4 5 11 22 24 25 29 2 5 11 18 19 23 26 3 1 10 20 27 15 14 28 6 7 8 30 21 17 9
2 4 5 11 12 24 25 29 2 5 11 18 19 23 26 3 1 10 20 27 15 14 28 6 7 8 30 21 17 9
2 4 5 11 12 13 25 29 2 5 11 18 19 23 26 3 1 10 20 27 15 14 28 6 7 8 30 21 17 9
2 4 5 11 12 13 16 29 2 5 11 18 19 23 26 3 1 10 20 27 15 14 28 6 7 8 30 21 17 9
2 4 5 11 12 13 16 18 2 5 11 18 19 23 26 3 1 10 20 27 15 14 28 6 7 8 30 21 17 9
2 4 5 11 12 13 16 18 19 5 11 18 19 23 26 3 1 10 20 27 15 14 28 6 7 8 30 21 17 9
2 4 5 11 12 13 16 18 19 22 11 18 19 23 26 3 1 10 20 27 15 14 28 6 7 8 30 21 17 9
2 4 5 11 12 13 16 18 19 22 23 18 19 23 26 3 1 10 20 27 15 14 28 6 7 8 30 21 17 9
2 4 5 11 12 13 16 18 19 22 23 24 19 23 26 3 1 10 20 27 15 14 28 6 7 8 30 21 17 9
2 4 5 11 12 13 16 18 19 22 23 24 25 23 26 3 1 10 20 27 15 14 28 6 7 8 30 21 17 9
2 4 5 11 12 13 16 18 19 22 23 24 25 26 26 3 1 10 20 27 15 14 28 6 7 8 30 21 17 9
2 4 5 11 12 13 16 18 19 22 23 24 25 26 29 3 1 10 20 27 15 14 28 6 7 8 30 21 17 9
2 4 5 11 12 13 16 18 19 22 23 24 25 26 29 1 1 10 20 27 15 14 28 6 7 8 30 21 17 9
2 4 5 11 12 13 16 18 19 22 23 24 25 26 29 1 3 10 20 27 15 14 28 6 7 8 30 21 17 9
2 4 5 11 12 13 16 18 19 22 23 24 25 26 29 1 3 10 20 27 15 14 28 6 7 8 30 21 17 9
2 4 5 11 12 13 16 18 19 22 23 24 25 26 29 1 3 10 20 27 15 14 28 6 7 8 30 21 17 9
2 4 5 11 12 13 16 18 19 22 23 24 25 26 29 1 3 10 20 27 15 14 28 6 7 8 30 21 17 9
2 4 5 11 12 13 16 18 19 22 23 24 25 26 29 1 3 10 20 27 15 14 28 6 7 8 30 21 17 9
2 4 5 11 12 13 16 18 19 22 23 24 25 26 29 1 3 10 20 27 15 14 28 6 7 8 30 21 17 9
2 4 5 11 12 13 16 18 19 22 23 24 25 26 29 1 3 10 20 27 15 14 28 6 7 8 30 21 17 9
2 4 5 11 12 13 16 18 19 22 23 24 25 26 29 1 3 10 20 15 15 14 28 6 7 8 30 21 17 9
2 4 5 11 12 13 16 18 19 22 23 24 25 26 29 1 3 10 20 15 27 14 28 6 7 8 30 21 17 9
2 4 5 11 12 13 16 18 19 22 23 24 25 26 29 1 3 10 20 15 27 14 28 6 7 8 30 21 17 9
2 4 5 11 12 13 16 18 19 22 23 24 25 26 29 1 3 10 20 15 27 14 28 6 7 8 30 21 17 9
2 4 5 11 12 13 16 18 19 22 23 24 25 26 29 1 3 10 20 14 27 14 28 6 7 8 30 21 17 9
2 4 5 11 12 13 16 18 19 22 23 24 25 26 29 1 3 10 20 14 15 14 28 6 7 8 30 21 17 9
2 4 5 11 12 13 16 18 19 22 23 24 25 26 29 1 3 10 20 14 15 27 28 6 7 8 30 21 17 9
2 4 5 11 12 13 16 18 19 22 23 24 25 26 29 1 3 10 20 14 15 27 28 6 7 8 30 21 17 9
2 4 5 11 12 13 16 18 19 22 23 24 25 26 29 1 3 10 20 14 15 27 28 6 7 8 30 21 17 9
2 4 5 11 12 13 16 18 19 22 23 24 25 26 29 1 3 10 20 14 15 27 28 6 7 8 30 21 17 9
2 4 5 11 12 13 16 18 19 22 23 24 25 26 29 1 3 10 20 14 15 27 28 6 7 8 30 21 17 9
2 4 5 11 12 13 16 18 19 22 23 24 25 26 29 1 3 10 14 14 15 27 28 6 7 8 30 21 17 9
2 4 5 11 12 13 16 18 19 22 23 24 25 26 29 1 3 10 14 15 15 27 28 6 7 8 30 21 17 9
2 4 5 11 12 13 16 18 19 22 23 24 25 26 29 1 3 10 14 15 20 27 28 6 7 8 30 21 17 9
2 4 5 11 12 13 16 18 19 22 23 24 25 26 29 1 3 10 14 15 20 27 28 6 7 8 30 21 17 9
2 4 5 11 12 13 16 18 19 22 23 24 25 26 29 1 3 10 14 15 20 27 28 6 7 8 30 21 17 9
2 4 5 11 12 13 16 18 19 22 23 24 25 26 29 1 3 10 14 15 20 27 28 6 7 8 30 21 17 9
2 4 5 11 12 13 16 18 19 22 23 24 25 26 29 1 3 10 14 15 20 27 28 6 7 8 30 21 17 9
2 4 5 11 12 13 16 18 19 22 23 24 25 26 29 1 3 10 14 15 20 27 28 6 7 8 30 21 17 9
2 4 5 11 12 13 16 18 19 22 23 24 25 26 29 1 3 10 14 15 20 27 28 6 7 8 30 21 17 9
2 4 5 11 12 13 16 18 19 22 23 24 25 26 29 1 3 10 14 15 20 27 28 6 7 8 30 21 17 9
2 4 5 11 12 13 16 18 19 22 23 24 25 26 29 1 3 10 14 15 20 27 28 6 7 8 30 21 17 9
2 4 5 11 12 13 16 18 19 22 23 24 25 26 29 1 3 10 14 15 20 27 28 6 7 8 30 21 17 9
2 4 5 11 12 13 16 18 19 22 23 24 25 26 29 1 3 10 14 15 20 27 28 6 7 8 30 21 17 9
2 4 5 11 12 13 16 18 19 22 23 24 25 26 29 1 3 10 14 15 20 27 28 6 7 8 30 17 17 9
2 4 5 11 12 13 16 18 19 22 23 24 25 26 29 1 3 10 14 15 20 27 28 6 7 8 30 17 21 9
2 4 5 11 12 13 16 18 19 22 23 24 25 26 29 1 3 10 14 15 20 27 28 6 7 8 30 9 21 9
2 4 5 11 12 13 16 18 19 22 23 24 25 26 29 1 3 10 14 15 20 27 28 6 7 8 30 9 17 9
2 4 5 11 12 13 16 18 19 22 23 24 25 26 29 1 3 10 14 15 20 27 28 6 7 8 30 9 17 21
2 4 5 11 12 13 16 18 19 22 23 24 25 26 29 1 3 10 14 15 20 27 28 6 7 8 30 9 17 21
2 4 5 11 12 13 16 18 19 22 23 24 25 26 29 1 3 10 14 15 20 27 28 6 7 8 30 9 17 21
2 4 5 11 12 13 16 18 19 22 23 24 25 26 29 1 3 10 14 15 20 27 28 6 7 8 30 9 17 21
2 4 5 11 12 13 16 18 19 22 23 24 25 26 29 1 3 10 14 15 20 27 28 6 7 8 9 9 17 21
2 4 5 11 12 13 16 18 19 22 23 24 25 26 29 1 3 10 14 15 20 27 28 6 7 8 9 17 17 21
2 4 5 11 12 13 16 18 19 22 23 24 25 26 29 1 3 10 14 15 20 27 28 6 7 8 9 17 21 21
2 4 5 11 12 13 16 18 19 22 23 24 25 26 29 1 3 10 14 15 20 27 28 6 7 8 9 17 21 30
2 4 5 11 12 13 16 18 19 22 23 24 25 26 29 1 3 10 14 15 20 27 28 6 7 8 9 17 21 30
2 4 5 11 12 13 16 18 19 22 23 24 25 26 29 1 3 10 14 15 20 27 28 6 7 8 9 17 21 30
2 4 5 11 12 13 16 18 19 22 23 24 25 26 29 1 3 6 14 15 20 27 28 6 7 8 9 17 21 30
2 4 5 11 12 13 16 18 19 22 23 24 25 26 29 1 3 6 7 15 20 27 28 6 7 8 9 17 21 30
2 4 5 11 12 13 16 18 19 22 23 24 25 26 29 1 3 6 7 8 20 27 28 6 7 8 9 17 21 30
2 4 5 11 12 13 16 18 19 22 23 24 25 26 29 1 3 6 7 8 9 27 28 6 7 8 9 17 21 30
2 4 5 11 12 13 16 18 19 22 23 24 25 26 29 1 3 6 7 8 9 10 28 6 7 8 9 17 21 30
2 4 5 11 12 13 16 18 19 22 23 24 25 26 29 1 3 6 7 8 9 10 14 6 7 8 9 17 21 30
2 4 5 11 12 13 16 18 19 22 23 24 25 26 29 1 3 6 7 8 9 10 14 15 7 8 9 17 21 30
2 4 5 11 12 13 16 18 19 22 23 24 25 26 29 1 3 6 7 8 9 10 14 15 17 8 9 17 21 30
2 4 5 11 12 13 16 18 19 22 23 24 25 26 29 1 3 6 7 8 9 10 14 15 17 20 9 17 21 30
2 4 5 11 12 13 16 18 19 22 23 24 25 26 29 1 3 6 7 8 9 10 14 15 17 20 21 17 21 30
2 4 5 11 12 13 16 18 19 22 23 24 25 26 29 1 3 6 7 8 9 10 14 15 17 20 21 27 21 30
2 4 5 11 12 13 16 18 19 22 23 24 25 26 29 1 3 6 7 8 9 10 14 15 17 20 21 27 28 30
2 4 5 11 12 13 16 18 19 22 23 24 25 26 29 1 3 6 7 8 9 10 14 15 17 20 21 27 28 30
1 4 5 11 12 13 16 18 19 22 23 24 25 26 29 1 3 6 7 8 9 10 14 15 17 20 21 27 28 30
1 2 5 11 12 13 16 18 19 22 23 24 25 26 29 1 3 6 7 8 9 10 14 15 17 20 21 27 28 30
1 2 3 11 12 13 16 18 19 22 23 24 25 26 29 1 3 6 7 8 9 10 14 15 17 20 21 27 28 30
1 2 3 4 12 13 16 18 19 22 23 24 25 26 29 1 3 6 7 8 9 10 14 15 17 20 21 27 28 30
1 2 3 4 5 13 16 18 19 22 23 24 25 26 29 1 3 6 7 8 9 10 14 15 17 20 21 27 28 30
1 2 3 4 5 6 16 18 19 22 23 24 25 26 29 1 3 6 7 8 9 10 14 15 17 20 21 27 28 30
1 2 3 4 5 6 7 18 19 22 23 24 25 26 29 1 3 6 7 8 9 10 14 15 17 20 21 27 28 30
1 2 3 4 5 6 7 8 19 22 23 24 25 26 29 1 3 6 7 8 9 10 14 15 17 20 21 27 28 30
1 2 3 4 5 6 7 8 9 22 23 24 25 26 29 1 3 6 7 8 9 10 14 15 17 20 21 27 28 30
1 2 3 4 5 6 7 8 9 10 23 24 25 26 29 1 3 6 7 8 9 10 14 15 17 20 21 27 28 30
1 2 3 4 5 6 7 8 9 10 11 24 25 26 29 1 3 6 7 8 9 10 14 15 17 20 21 27 28 30
1 2 3 4 5 6 7 8 9 10 11 12 25 26 29 1 3 6 7 8 9 10 14 15 17 20 21 27 28 30
1 2 3 4 5 6 7 8 9 10 11 12 13 26 29 1 3 6 7 8 9 10 14 15 17 20 21 27 28 30
1 2 3 4 5 6 7 8 9 10 11 12 13 14 29 1 3 6 7 8 9 10 14 15 17 20 21 27 28 30
1 2 3 4 5 6 7 8 9 10 11 12 13 14 15 1 3 6 7 8 9 10 14 15 17 20 21 27 28 30
1 2 3 4 5 6 7 8 9 10 11 12 13 14 15 16 3 6 7 8 9 10 14 15 17 20 21 27 28 30
1 2 3 4 5 6 7 8 9 10 11 12 13 14 15 16 17 6 7 8 9 10 14 15 17 20 21 27 28 30
1 2 3 4 5 6 7 8 9 10 11 12 13 14 15 16 17 18 7 8 9 10 14 15 17 20 21 27 28 30
1 2 3 4 5 6 7 8 9 10 11 12 13 14 15 16 17 18 19 8 9 10 14 15 17 20 21 27 28 30
1 2 3 4 5 6 7 8 9 10 11 12 13 14 15 16 17 18 19 20 9 10 14 15 17 20 21 27 28 30
1 2 3 4 5 6 7 8 9 10 11 12 13 14 15 16 17 18 19 20 21 10 14 15 17 20 21 27 28 30
1 2 3 4 5 6 7 8 9 10 11 12 13 14 15 16 17 18 19 20 21 22 14 15 17 20 21 27 28 30
1 2 3 4 5 6 7 8 9 10 11 12 13 14 15 16 17 18 19 20 21 22 23 15 17 20 21 27 28 30
1 2 3 4 5 6 7 8 9 10 11 12 13 14 15 16 17 18 19 20 21 22 23 24 17 20 21 27 28 30
1 2 3 4 5 6 7 8 9 10 11 12 13 14 15 16 17 18 19 20 21 22 23 24 25 20 21 27 28 30
1 2 3 4 5 6 7 8 9 10 11 12 13 14 15 16 17 18 19 20 21 22 23 24 25 26 21 27 28 30
1 2 3 4 5 6 7 8 9 10 11 12 13 14 15 16 17 18 19 20 21 22 23 24 25 26 27 27 28 30
1 2 3 4 5 6 7 8 9 10 11 12 13 14 15 16 17 18 19 20 21 22 23 24 25 26 27 28 28 30
1 2 3 4 5 6 7 8 9 10 11 12 13 14 15 16 17 18 19 20 21 22 23 24 25 26 27 28 29 30
1 2 3 4 5 6 7 8 9 10 11 12 13 14 15 16 17 18 19 20 21 22 23 24 25 26 27 28 29 30
