30
25 5 4 3 16 11 18 26 29 7 9 24 12 2 15 21 17 28 22 23 27 20 19 1 14 10 30 6 8 13
5 25 4 3 16 11 18 26 29 7 9 24 12 2 15 21 17 28 22 23 27 20 19 1 14 10 30 6 8 13
5 4 25 3 16 11 18 26 29 7 9 24 12 2 15 21 17 28 22 23 27 20 19 1 14 10 30 6 8 13
5 4 3 25 16 11 18 26 29 7 9 24 12 2 15 21 17 28 22 23 27 20 19 1 14 10 30 6 8 13
5 4 3 11 16 25 18 26 29 7 9 24 12 2 15 21 17 28 22 23 27 20 19 1 14 10 30 6 8 13
5 4 3 11 7 25 18 26 29 16 9 24 12 2 15 21 17 28 22 23 27 20 19 1 14 10 30 6 8 13
5 4 3 11 7 9 18 26 29 16 25 24 12 2 15 21 17 28 22 23 27 20 19 1 14 10 30 6 8 13
5 4 3 11 7 9 12 26 29 16 25 24 18 2 15 21 17 28 22 23 27 20 19 1 14 10 30 6 8 13
5 4 3 11 7 9 12 2 29 16 25 24 18 26 15 21 17 28 22 23 27 20 19 1 14 10 30 6 8 13
5 4 3 11 7 9 12 2 1 16 25 24 18 26 15 21 17 28 22 23 27 20 19 29 14 10 30 6 8 13
5 4 3 11 7 9 12 2 1 10 25 24 18 26 15 21 17 28 22 23 27 20 19 29 14 16 30 6 8 13
5 4 3 11 7 9 12 2 1 10 6 24 18 26 15 21 17 28 22 23 27 20 19 29 14 16 30 25 8 13
5 4 3 11 7 9 12 2 1 10 6 8 18 26 15 21 17 28 22 23 27 20 19 29 14 16 30 25 24 13
5 4 3 11 7 9 12 2 1 10 6 8 13 26 15 21 17 28 22 23 27 20 19 29 14 16 30 25 24 18
5 4 3 11 7 9 12 2 1 10 6 8 13 26 15 21 17 28 22 23 27 20 19 29 14 16 30 25 24 18
5 4 3 11 7 9 12 2 1 10 6 8 13 26 15 21 17 28 22 23 27 20 19 29 14 16 30 25 24 18
5 4 3 11 7 9 12 2 1 10 6 8 13 26 15 21 17 28 22 23 27 20 19 29 14 16 30 25 24 18
5 4 3 7 11 9 12 2 1 10 6 8 13 26 15 21 17 28 22 23 27 20 19 29 14 16 30 25 24 18
5 4 3 7 2 9 12 11 1 10 6 8 13 26 15 21 17 28 22 23 27 20 19 29 14 16 30 25 24 18
5 4 3 7 2 1 12 11 9 10 6 8 13 26 15 21 17 28 22 23 27 20 19 29 14 16 30 25 24 18
5 4 3 7 2 1 6 11 9 10 12 8 13 26 15 21 17 28 22 23 27 20 19 29 14 16 30 25 24 18
5 4 3 7 2 1 6 8 9 10 12 11 13 26 15 21 17 28 22 23 27 20 19 29 14 16 30 25 24 18
5 4 3 7 2 1 6 8 9 10 12 11 13 26 15 21 17 28 22 23 27 20 19 29 14 16 30 25 24 18
5 4 3 7 2 1 6 8 9 10 12 11 13 26 15 21 17 28 22 23 27 20 19 29 14 16 30 25 24 18
5 4 3 7 2 1 6 8 9 10 12 11 13 26 15 21 17 28 22 23 27 20 19 29 14 16 30 25 24 18
5 4 3 2 7 1 6 8 9 10 12 11 13 26 15 21 17 28 22 23 27 20 19 29 14 16 30 25 24 18
5 4 3 2 1 7 6 8 9 10 12 11 13 26 15 21 17 28 22 23 27 20 19 29 14 16 30 25 24 18
5 4 3 2 1 6 7 8 9 10 12 11 13 26 15 21 17 28 22 23 27 20 19 29 14 16 30 25 24 18
1 4 3 2 5 6 7 8 9 10 12 11 13 26 15 21 17 28 22 23 27 20 19 29 14 16 30 25 24 18
1 4 3 2 5 6 7 8 9 10 12 11 13 26 15 21 17 28 22 23 27 20 19 29 14 16 30 25 24 18
1 4 3 2 5 6 7 8 9 10 12 11 13 26 15 21 17 28 22 23 27 20 19 29 14 16 30 25 24 18
1 4 3 2 5 6 7 8 9 10 12 11 13 26 15 21 17 28 22 23 27 20 19 29 14 16 30 25 24 18
1 4 3 2 5 6 7 8 9 10 12 11 13 26 15 21 17 28 22 23 27 20 19 29 14 16 30 25 24 18
1 2 3 4 5 6 7 8 9 10 12 11 13 26 15 21 17 28 22 23 27 20 19 29 14 16 30 25 24 18
1 2 3 4 5 6 7 8 9 10 12 11 13 26 15 21 17 28 22 23 27 20 19 29 14 16 30 25 24 18
1 2 3 4 5 6 7 8 9 10 12 11 13 26 15 21 17 28 22 23 27 20 19 29 14 16 30 25 24 18
1 2 3 4 5 6 7 8 9 10 12 11 13 26 15 21 17 28 22 23 27 20 19 29 14 16 30 25 24 18
1 2 3 4 5 6 7 8 9 10 12 11 13 26 15 21 17 28 22 23 27 20 19 29 14 16 30 25 24 18
1 2 3 4 5 6 7 8 9 10 11 12 13 26 15 21 17 28 22 23 27 20 19 29 14 16 30 25 24 18
1 2 3 4 5 6 7 8 9 10 11 12 13 26 15 21 17 28 22 23 27 20 19 29 14 16 30 25 24 18
1 2 3 4 5 6 7 8 9 10 11 12 13 26 15 21 17 28 22 23 27 20 19 29 14 16 30 25 24 18
1 2 3 4 5 6 7 8 9 10 11 12 13 15 26 21 17 28 22 23 27 20 19 29 14 16 30 25 24 18
1 2 3 4 5 6 7 8 9 10 11 12 13 15 17 21 26 28 22 23 27 20 19 29 14 16 30 25 24 18
1 2 3 4 5 6 7 8 9 10 11 12 13 15 17 14 26 28 22 23 27 20 19 29 21 16 30 25 24 18
1 2 3 4 5 6 7 8 9 10 11 12 13 15 17 14 16 28 22 23 27 20 19 29 21 26 30 25 24 18
1 2 3 4 5 6 7 8 9 10 11 12 13 15 17 14 16 18 22 23 27 20 19 29 21 26 30 25 24 28
1 2 3 4 5 6 7 8 9 10 11 12 13 15 17 14 16 18 22 23 27 20 19 29 21 26 30 25 24 28
1 2 3 4 5 6 7 8 9 10 11 12 13 15 14 17 16 18 22 23 27 20 19 29 21 26 30 25 24 28
1 2 3 4 5 6 7 8 9 10 11 12 13 15 14 16 17 18 22 23 27 20 19 29 21 26 30 25 24 28
1 2 3 4 5 6 7 8 9 10 11 12 13 14 15 16 17 18 22 23 27 20 19 29 21 26 30 25 24 28
1 2 3 4 5 6 7 8 9 10 11 12 13 14 15 16 17 18 22 23 27 20 19 29 21 26 30 25 24 28
1 2 3 4 5 6 7 8 9 10 11 12 13 14 15 16 17 18 22 23 27 20 19 29 21 26 30 25 24 28
1 2 3 4 5 6 7 8 9 10 11 12 13 14 15 16 17 18 22 23 27 20 19 29 21 26 30 25 24 28
1 2 3 4 5 6 7 8 9 10 11 12 13 14 15 16 17 18 22 23 27 20 19 29 21 26 30 25 24 28
1 2 3 4 5 6 7 8 9 10 11 12 13 14 15 16 17 18 22 23 27 20 19 29 21 26 30 25 24 28
1 2 3 4 5 6 7 8 9 10 11 12 13 14 15 16 17 18 22 23 27 20 19 21 29 26 30 25 24 28
1 2 3 4 5 6 7 8 9 10 11 12 13 14 15 16 17 18 22 23 27 20 19 21 26 29 30 25 24 28
1 2 3 4 5 6 7 8 9 10 11 12 13 14 15 16 17 18 22 23 27 20 19 21 26 25 30 29 24 28
1 2 3 4 5 6 7 8 9 10 11 12 13 14 15 16 17 18 22 23 27 20 19 21 26 25 24 29 30 28
1 2 3 4 5 6 7 8 9 10 11 12 13 14 15 16 17 18 22 23 27 20 19 21 26 25 24 28 30 29
1 2 3 4 5 6 7 8 9 10 11 12 13 14 15 16 17 18 22 23 27 20 19 21 26 25 24 28 30 29
1 2 3 4 5 6 7 8 9 10 11 12 13 14 15 16 17 18 22 23 27 20 19 21 26 25 24 28 30 29
1 2 3 4 5 6 7 8 9 10 11 12 13 14 15 16 17 18 22 23 20 27 19 21 26 25 24 28 30 29
1 2 3 4 5 6 7 8 9 10 11 12 13 14 15 16 17 18 22 23 20 19 27 21 26 25 24 28 30 29
1 2 3 4 5 6 7 8 9 10 11 12 13 14 15 16 17 18 22 23 20 19 21 27 26 25 24 28 30 29
1 2 3 4 5 6 7 8 9 10 11 12 13 14 15 16 17 18 22 23 20 19 21 24 26 25 27 28 30 29
1 2 3 4 5 6 7 8 9 10 11 12 13 14 15 16 17 18 20 23 22 19 21 24 26 25 27 28 30 29
1 2 3 4 5 6 7 8 9 10 11 12 13 14 15 16 17 18 20 19 22 23 21 24 26 25 27 28 30 29
1 2 3 4 5 6 7 8 9 10 11 12 13 14 15 16 17 18 20 19 21 23 22 24 26 25 27 28 30 29
1 2 3 4 5 6 7 8 9 10 11 12 13 14 15 16 17 18 19 20 21 23 22 24 26 25 27 28 30 29
1 2 3 4 5 6 7 8 9 10 11 12 13 14 15 16 17 18 19 20 21 22 23 24 26 25 27 28 30 29
1 2 3 4 5 6 7 8 9 10 11 12 13 14 15 16 17 18 19 20 21 22 23 24 26 25 27 28 30 29
1 2 3 4 5 6 7 8 9 10 11 12 13 14 15 16 17 18 19 20 21 22 23 24 26 25 27 28 30 29
1 2 3 4 5 6 7 8 9 10 11 12 13 14 15 16 17 18 19 20 21 22 23 24 26 25 27 28 30 29
1 2 3 4 5 6 7 8 9 10 11 12 13 14 15 16 17 18 19 20 21 22 23 24 25 26 27 28 30 29
1 2 3 4 5 6 7 8 9 10 11 12 13 14 15 16 17 18 19 20 21 22 23 24 25 26 27 28 29 30
