30
25 4 16 12 22 29 13 24 26 23 19 2 5 11 18 3 1 10 20 27 15 14 28 6 7 8 30 21 17 9
1 4 16 12 22 29 13 24 26 23 19 2 5 11 18 3 25 10 20 27 15 14 28 6 7 8 30 21 17 9
1 2 16 12 22 29 13 24 26 23 19 4 5 11 18 3 25 10 20 27 15 14 28 6 7 8 30 21 17 9
1 2 3 12 22 29 13 24 26 23 19 4 5 11 18 16 25 10 20 27 15 14 28 6 7 8 30 21 17 9
1 2 3 4 22 29 13 24 26 23 19 12 5 11 18 16 25 10 20 27 15 14 28 6 7 8 30 21 17 9
1 2 3 4 5 29 13 24 26 23 19 12 22 11 18 16 25 10 20 27 15 14 28 6 7 8 30 21 17 9
1 2 3 4 5 6 13 24 26 23 19 12 22 11 18 16 25 10 20 27 15 14 28 29 7 8 30 21 17 9
1 2 3 4 5 6 7 24 26 23 19 12 22 11 18 16 25 10 20 27 15 14 28 29 13 8 30 21 17 9
1 2 3 4 5 6 7 8 26 23 19 12 22 11 18 16 25 10 20 27 15 14 28 29 13 24 30 21 17 9
1 2 3 4 5 6 7 8 9 23 19 12 22 11 18 16 25 10 20 27 15 14 28 29 13 24 30 21 17 26
1 2 3 4 5 6 7 8 9 10 19 12 22 11 18 16 25 23 20 27 15 14 28 29 13 24 30 21 17 26
1 2 3 4 5 6 7 8 9 10 11 12 22 19 18 16 25 23 20 27 15 14 28 29 13 24 30 21 17 26
1 2 3 4 5 6 7 8 9 10 11 12 13 19 18 16 25 23 20 27 15 14 28 29 22 24 30 21 17 26
1 2 3 4 5 6 7 8 9 10 11 12 13 14 18 16 25 23 20 27 15 19 28 29 22 24 30 21 17 26
1 2 3 4 5 6 7 8 9 10 11 12 13 14 15 16 25 23 20 27 18 19 28 29 22 24 30 21 17 26
1 2 3 4 5 6 7 8 9 10 11 12 13 14 15 16 17 23 20 27 18 19 28 29 22 24 30 21 25 26
1 2 3 4 5 6 7 8 9 10 11 12 13 14 15 16 17 18 20 27 23 19 28 29 22 24 30 21 25 26
1 2 3 4 5 6 7 8 9 10 11 12 13 14 15 16 17 18 19 27 23 20 28 29 22 24 30 21 25 26
1 2 3 4 5 6 7 8 9 10 11 12 13 14 15 16 17 18 19 20 23 27 28 29 22 24 30 21 25 26
1 2 3 4 5 6 7 8 9 10 11 12 13 14 15 16 17 18 19 20 21 27 28 29 22 24 30 23 25 26
1 2 3 4 5 6 7 8 9 10 11 12 13 14 15 16 17 18 19 20 21 22 28 29 27 24 30 23 25 26
1 2 3 4 5 6 7 8 9 10 11 12 13 14 15 16 17 18 19 20 21 22 23 29 27 24 30 28 25 26
1 2 3 4 5 6 7 8 9 10 11 12 13 14 15 16 17 18 19 20 21 22 23 24 27 29 30 28 25 26
1 2 3 4 5 6 7 8 9 10 11 12 13 14 15 16 17 18 19 20 21 22 23 24 25 29 30 28 27 26
1 2 3 4 5 6 7 8 9 10 11 12 13 14 15 16 17 18 19 20 21 22 23 24 25 26 30 28 27 29
1 2 3 4 5 6 7 8 9 10 11 12 13 14 15 16 17 18 19 20 21 22 23 24 25 26 27 28 30 29
1 2 3 4 5 6 7 8 9 10 11 12 13 14 15 16 17 18 19 20 21 22 23 24 25 26 27 28 29 30
